1504645184.667819  0.007295171 -0.001607799 -0.013394168 -0.000762752 -0.001719844 0.002288393 0.999995612
1504645184.677963 -0.001982877 -0.008206032 -0.007427883 -0.001353081 -0.000684200 0.000886779 0.999998457
1504645184.699629 -0.009484320 -0.013551159 -0.016440637 -0.000551008 -0.000976096 -0.001731551 0.999997873
1504645184.709909 -0.009665687 -0.018064618 -0.003910722 -0.000282764 -0.000735222 0.000573614 0.999999525
1504645184.746731 -0.015242966 -0.026267295  0.005114723 0.001931574 -0.001764588 -0.001041248 0.999996036
1504645184.766922 -0.021388512 -0.028825451  0.002836079 0.002131117 -0.001141315 0.000027746 0.999997077
1504645184.799868 -0.022858287 -0.039670348  0.013446703 0.002614805 -0.002904752 0.001087155 0.999991772
1504645184.825492 -0.016415230 -0.049311950 -0.009928109 0.000986733 -0.003185074 0.003628109 0.999987859
1504645184.866970 -0.029777201 -0.060073180  0.015885196 0.002183871 -0.005189897 0.000390508 0.999984071
1504645184.887632 -0.021011587 -0.065684088  0.020712715 0.003413328 -0.005064810 0.002043468 0.999979260
1504645184.940435 -0.039074831 -0.048019377 -0.012975730 0.005002396 -0.002901971 -0.001455942 0.999982217
1504645184.956881 -0.041665691 -0.043099191 -0.001156624 0.005798740 -0.006386769 0.000001471 0.999962791
1504645184.967285 -0.040560124 -0.035855939 -0.002093188 0.008005475 -0.006623054 -0.000996174 0.999945526
1504645185.013968 -0.034930551 -0.047148199 -0.027385139 0.009598330 -0.009465714 0.003953663 0.999901316
1504645185.019032 -0.027031045 -0.044376166 -0.010515141 0.008943616 -0.011805139 0.001898489 0.999888517
1504645185.029078 -0.038866356 -0.040052740  0.016268051 0.009241202 -0.008978259 0.006756143 0.999894167
1504645185.039989 -0.046433929 -0.031848426  0.056246019 0.011232437 -0.008495510 -0.000176262 0.999900809
1504645185.051557 -0.035202663 -0.026650784  0.047308778 0.011162230 -0.009025160 0.006321891 0.999876985
1504645185.061642 -0.034016792 -0.025697878  0.020942895 0.013788003 -0.007248908 0.000006026 0.999878665
1504645185.115636 -0.041174014 -0.039680681  0.065230857 0.015334095 -0.011347005 0.012792914 0.999736191
1504645185.164576 -0.050219483 -0.037909596  0.061980689 0.017037637 -0.012978708 0.003050673 0.999765955
1504645185.174690 -0.061280410 -0.042400921  0.074315526 0.017773267 -0.008329090 -0.003735968 0.999800370
1504645185.189896 -0.076083198 -0.036478995  0.080306451 0.017520144 -0.004777583 -0.005988566 0.999817161
1504645185.220269 -0.105965933 -0.054004985 -0.085286189 0.017246690 -0.008816678 -0.000773649 0.999812092
1504645185.261994 -0.105251526 -0.070680554 -0.057147486 0.016230480 -0.014937368 -0.000012578 0.999756694
1504645185.314010 -0.084390252 -0.072718498 -0.146479254 0.018874467 -0.014135573 0.002168788 0.999719579
1504645185.329526 -0.052452089 -0.080080439 -0.131195181 0.015280053 -0.023282896 0.015152345 0.999497290
1504645185.344688 -0.037753657 -0.089970168 -0.131078902 0.014778619 -0.025037994 0.011184281 0.999514684
1504645185.354813 -0.042843829 -0.105620619 -0.138291147 0.008370140 -0.024570932 0.014465056 0.999558389
1504645185.364993 -0.042501787 -0.124786170 -0.211304525 0.008700978 -0.018650785 0.018778954 0.999611821
1504645185.370079 -0.053467278 -0.120952162 -0.259907228 0.009319258 -0.016404871 -0.010908890 0.999762486
1504645185.416459 -0.061576092 -0.126882419 -0.307091782 0.008212718 -0.020193187 -0.013102367 0.999676505
1504645185.422504 -0.062432278 -0.133752756 -0.288037653 0.003865669 -0.017722462 -0.010635859 0.999778900
1504645185.449157 -0.068012561 -0.151491668 -0.337288985 0.006227869 -0.019803364 0.000435260 0.999784402
1504645185.459914 -0.082201001 -0.151876356 -0.303870665 0.003185108 -0.010723258 0.011576851 0.999870413
1504645185.466481 -0.093987937 -0.152345267 -0.406904767 0.005288774 -0.008847382 0.010431710 0.999892460
1504645185.479471 -0.106150677 -0.153547243 -0.360418840 0.002583504 -0.008803277 0.000453518 0.999957810
1504645185.499995 -0.125053650 -0.133230407 -0.382822168 0.005021937 0.003426281 0.013536110 0.999889901
1504645185.510952 -0.145344360 -0.139336912 -0.338155420 0.007197511 -0.000399951 0.004796927 0.999962512
1504645185.532398 -0.182672653 -0.132091345 -0.392263155 0.012728399 0.004317466 0.032490973 0.999381651
1504645185.558971 -0.226354822 -0.120181274 -0.569914750 0.020192597 -0.002186459 0.047474594 0.998665931
1504645185.569070 -0.236864564 -0.118630266 -0.577142513 0.023689818 -0.006421270 0.064759906 0.997598975
1504645185.579218 -0.265956742 -0.084778596 -0.629395957 0.026704433 -0.006852662 0.075163160 0.996790055
1504645185.632578 -0.179601567 -0.090298468 -0.477685092 0.027163931 -0.012924955 0.074226713 0.996787571
1504645185.648053 -0.148714490 -0.070586224 -0.408307917 0.028615684 -0.011085104 0.073183313 0.996846260
1504645185.658973 -0.275867161 -0.036513196 -0.420453421 0.038990979 -0.011806919 0.077032439 0.996195916
1504645185.670115 -0.258976407 -0.048273354 -0.343808205 0.035172305 -0.019038472 0.097111403 0.994469618
1504645185.680626 -0.221381700 -0.055058975 -0.400652164 0.034617887 -0.013891395 0.082747109 0.995872254
1504645185.730287 -0.253127342 -0.082821500 -0.400300158 0.030685808 -0.014676380 0.088356850 0.995507937
1504645185.741098 -0.265382491 -0.093540012 -0.407253141 0.032468436 -0.012974999 0.088475920 0.995464445
1504645185.761756 -0.299423114 -0.074595329 -0.375871270 0.033144226 -0.014737089 0.081034971 0.996051009
1504645185.779718 -0.295591087 -0.074125678 -0.401915949 0.036041868 -0.011514795 0.080201470 0.996060298
1504645185.796479 -0.303642052 -0.077415648 -0.451548926 0.040785563 -0.014563180 0.085132342 0.995428016
1504645185.812343 -0.299932447 -0.087245783 -0.514347294 0.038632427 -0.016615114 0.089029657 0.995140791
1504645185.829096 -0.297330055 -0.097259162 -0.551893757 0.039311327 -0.018487578 0.092374271 0.994776268
1504645185.958540 -0.293082845 -0.098263748 -0.547997018 0.040932310 -0.020182767 0.081889488 0.995595959
1504645185.974206 -0.301757921 -0.089072175 -0.574944083 0.042027114 -0.018029227 0.084510036 0.995372655
1504645186.020342 -0.309606665 -0.104750910 -0.556628124 0.039256513 -0.016978343 0.073904129 0.996347751
1504645186.046367 -0.310835976 -0.112962574 -0.559361578 0.041108472 -0.014987314 0.081567092 0.995706927
1504645186.076174 -0.285932813 -0.113801466 -0.587229794 0.044772673 -0.015927355 0.073665506 0.996150149
1504645186.086438 -0.276712459 -0.096441755 -0.551515262 0.047101724 -0.019600606 0.084291656 0.995134242
1504645186.103158 -0.275308200 -0.096024159 -0.497402291 0.048907355 -0.019783053 0.085450260 0.994944699
1504645186.113446 -0.276319214 -0.086558907 -0.492295497 0.052918521 -0.020352549 0.078358963 0.995311648
1504645186.123688 -0.278851838 -0.083296046 -0.496456306 0.052463984 -0.018155574 0.078328176 0.995380632
1504645186.139842 -0.257219185 -0.079505257 -0.465696794 0.053057372 -0.016178370 0.074322195 0.995690407
1504645186.150029 -0.284141706 -0.086837428 -0.512601655 0.053554448 -0.017844819 0.075184079 0.995570609
1504645186.165640 -0.290582808 -0.104138045 -0.520706784 0.050190220 -0.015813062 0.074713853 0.995815610
1504645186.176057 -0.279657869 -0.096967967 -0.517521743 0.051369244 -0.016014015 0.073623347 0.995833498
1504645186.191647 -0.294062773 -0.106737843 -0.533191430 0.053999590 -0.012348110 0.075611499 0.995597544
1504645186.229780 -0.298228264 -0.101812257 -0.502275610 0.051957249 -0.012225354 0.067923673 0.996261692
1504645186.239881 -0.298498087 -0.103385033 -0.493364947 0.053425930 -0.013439395 0.071884765 0.995890372
1504645186.268434 -0.332631836 -0.099772624 -0.553621887 0.062125642 -0.018241239 0.079833304 0.994703124
1504645186.279031 -0.326703069 -0.077251286 -0.633944811 0.070092902 -0.019460816 0.064294022 0.995276113
1504645186.305058 -0.336487954 -0.085878050 -0.672079637 0.073410747 -0.023047101 0.064265695 0.994962117
1504645186.321080 -0.325104941 -0.092076313 -0.730100848 0.073071613 -0.024542061 0.057115718 0.995387372
1504645186.332210 -0.326096101 -0.078537534 -0.758520897 0.077541959 -0.017128649 0.062806732 0.994861382
1504645186.358983 -0.345635714 -0.076209173 -0.769227944 0.077736006 -0.010667809 0.064190999 0.994848143
1504645186.369401 -0.344044289 -0.079033263 -0.762808171 0.081378095 -0.016791950 0.064089451 0.994478848
1504645186.379810 -0.334922977 -0.078230442 -0.786908101 0.083512925 -0.019643696 0.073435308 0.993603025
1504645186.400403 -0.338229116 -0.067587337 -0.828383711 0.088331713 -0.023518011 0.062304233 0.993862462
1504645186.410661 -0.351889181 -0.061501069 -0.805563701 0.093831779 -0.024316183 0.051079580 0.993979475
1504645186.422583 -0.379885747 -0.049344223 -0.857515242 0.102233739 -0.024471470 0.058141045 0.992758293
1504645186.460493 -0.412548352 -0.050088785 -0.892998047 0.103495258 -0.020859611 0.054238658 0.992930902
1504645186.491370 -0.429557329 -0.053458009 -0.957920153 0.106443636 -0.026498552 0.053819779 0.992507436
1504645186.532325 -0.416682554 -0.063028612 -0.953459047 0.107751100 -0.024510487 0.059463000 0.992095302
1504645186.553312 -0.414162430 -0.067839674 -0.938473471 0.106384580 -0.025729168 0.048714357 0.992797685
1504645186.564210 -0.420818959 -0.045501132 -0.979156047 0.108339720 -0.024596769 0.029408839 0.993374363
1504645186.590004 -0.440214203 -0.050750074 -1.007923938 0.113250794 -0.024426669 0.029048172 0.992841276
1504645186.608083 -0.461735329 -0.043571186 -1.045083607 0.119406952 -0.018903441 0.033570626 0.992097602
1504645186.619477 -0.471275858 -0.023543708 -1.115470510 0.122187178 -0.016061280 0.027848478 0.991986286
1504645186.631480 -0.458895277 -0.015777516 -1.120571789 0.128401812 -0.016027913 0.035558968 0.990954913
1504645186.641763 -0.454380225 -0.013864896 -1.110289660 0.129164507 -0.019341592 0.032505910 0.990901508
1504645186.657172 -0.440190539 -0.011892237 -1.100810092 0.130773215 -0.021484934 0.033796288 0.990603137
1504645186.672659 -0.446190636  0.003009862 -1.090587309 0.138259317 -0.019846575 0.032730846 0.989656085
1504645186.682806 -0.466252707  0.016221371 -1.092879108 0.143045852 -0.017418604 0.030740118 0.989085194
1504645186.692966 -0.455576219  0.027752575 -1.136581275 0.146372535 -0.018206347 0.033317591 0.988500657
1504645186.724040 -0.452241486  0.006816216 -1.129152616 0.142119121 -0.019309424 0.043667497 0.988697351
1504645186.729054 -0.428113539 -0.005473902 -1.117024983 0.137644862 -0.025105952 0.050499518 0.988874806
1504645186.739287 -0.412322594 -0.006792375 -1.151837104 0.137416933 -0.025547134 0.048296637 0.989005240
1504645186.749344 -0.407316161 -0.008349063 -1.158544689 0.137448165 -0.027319640 0.048978310 0.988919999
1504645186.764982 -0.410711458 -0.010287766 -1.137816337 0.136852585 -0.028136637 0.045328622 0.989153687
1504645186.798964 -0.428512777 -0.013751346 -1.175634743 0.139099359 -0.026892818 0.041174836 0.989056509
1504645186.838487 -0.428911878 -0.026133180 -1.171436173 0.139311386 -0.028165513 0.049019465 0.988633468
1504645186.850101 -0.442572372 -0.032810246 -1.151190522 0.137214648 -0.024616053 0.047335614 0.989103397
1504645186.883040 -0.430469501 -0.033373643 -1.126666887 0.138424493 -0.028727638 0.045241331 0.988921941
1504645186.927579 -0.426789081 -0.044715001 -1.124119642 0.140301193 -0.025924989 0.039331817 0.988987603
1504645186.942850 -0.417947138 -0.037015098 -1.138845839 0.143883336 -0.027181768 0.043526177 0.988263229
1504645186.955287 -0.414410063 -0.026399245 -1.115772307 0.146694983 -0.028258428 0.043677597 0.987812893
1504645186.970608 -0.401254235 -0.019439085 -1.093162757 0.151783997 -0.030219283 0.046338160 0.986864321
1504645187.023331 -0.395107024 -0.036547912 -1.056310679 0.151903238 -0.029291370 0.046287217 0.986876343
1504645187.033739 -0.388200386 -0.039433468 -1.057438651 0.151594081 -0.029670921 0.046407567 0.986906890
1504645187.044147 -0.387839894 -0.044254096 -1.064121497 0.151207138 -0.030037838 0.045035386 0.987018715
1504645187.054937 -0.375470411 -0.043098707 -1.086341565 0.152317265 -0.032432826 0.043780544 0.986828671
1504645187.064975 -0.371700760 -0.045460014 -1.074941919 0.151818008 -0.036297244 0.040684516 0.986903528
1504645187.085332 -0.359971260 -0.052889207 -1.070617265 0.153033568 -0.038129377 0.039297296 0.986702894
1504645187.116994 -0.351586203 -0.052633568 -1.065748948 0.155723281 -0.039133511 0.038561663 0.986271680
1504645187.143030 -0.340650026 -0.057991847 -1.062557728 0.157240032 -0.037643648 0.040737298 0.986001522
1504645187.154526 -0.338537570 -0.058382008 -1.058645360 0.157919996 -0.037623073 0.040438554 0.985905930
1504645187.181475 -0.334318932 -0.065688397 -1.047521498 0.158592873 -0.034162657 0.040009970 0.985941386
1504645187.206804 -0.338172940 -0.071690653 -1.054324360 0.159181199 -0.031793095 0.040768553 0.985894756
1504645187.249254 -0.336490755 -0.080132418 -1.051514469 0.158675950 -0.029054225 0.037986025 0.986171819
1504645187.270846 -0.327977283 -0.090418316 -1.048669834 0.159987829 -0.026285961 0.039970505 0.985959077
1504645187.287377 -0.324080213 -0.097139336 -1.044781748 0.158090947 -0.024280449 0.039952885 0.986317129
1504645187.329307 -0.314427703 -0.109403571 -1.035942118 0.159485501 -0.021602522 0.040420633 0.986135832
1504645187.339677 -0.318176451 -0.112489277 -1.034717467 0.158777693 -0.020384940 0.039261593 0.986322780
1504645187.380579 -0.309866026 -0.119907223 -1.017024165 0.159743288 -0.020220256 0.039282603 0.986169408
1504645187.402508 -0.299972571 -0.124167521 -1.013198653 0.160721040 -0.020196986 0.038599483 0.986037986
1504645187.418051 -0.287775128 -0.129178509 -1.002002631 0.160294919 -0.021206229 0.041880684 0.985952252
1504645187.428648 -0.282140504 -0.130632712 -0.999082927 0.160560804 -0.021039765 0.041531832 0.985927311
1504645187.464756 -0.271390994 -0.137054255 -0.991050486 0.161349417 -0.021197688 0.043930917 0.985691178
1504645187.569050 -0.273578382 -0.136164657 -1.000347379 0.164891476 -0.017933931 0.034588319 0.985541893
1504645187.601515 -0.286023958 -0.142478964 -0.998898056 0.163879725 -0.015463529 0.036049827 0.985700119
1504645187.607373 -0.288845460 -0.148102170 -0.992909330 0.164434929 -0.010492770 0.035490140 0.985693414
1504645187.670563 -0.288251933 -0.154745692 -0.994861658 0.165213799 -0.006306854 0.035985412 0.985580882
1504645187.691105 -0.291055349 -0.163689997 -0.997473724 0.166396439 -0.001102067 0.038213518 0.985317582
1504645187.706488 -0.296169595 -0.171729542 -1.000905848 0.165469553 0.003482591 0.039309763 0.985425005
1504645187.717005 -0.302488787 -0.179533858 -0.998642845 0.164168876 0.008089083 0.040201570 0.985579515
1504645187.732832 -0.304612330 -0.183244437 -0.996574731 0.162608177 0.010231005 0.042272085 0.985731697
1504645187.737923 -0.307820088 -0.188345140 -0.992615689 0.161250623 0.010957074 0.041457881 0.985981452
1504645187.771367 -0.296273652 -0.195782131 -0.979715061 0.162792560 0.008300480 0.036851615 0.985936937
1504645187.792508 -0.278202473 -0.199980364 -0.973187001 0.162493068 0.007676108 0.038071156 0.985945063
1504645187.803941 -0.269258596 -0.203840754 -0.966379353 0.163188475 0.006217722 0.039743763 0.985774464
1504645187.820858 -0.260227762 -0.206579741 -0.962766753 0.163608428 0.005094032 0.040965510 0.985661281
1504645187.831238 -0.252501767 -0.209704010 -0.962204793 0.163015397 0.004440772 0.042547280 0.985695688
1504645187.862398 -0.244184568 -0.218556893 -0.949426086 0.163934631 0.005043726 0.046967084 0.985339581
1504645187.872778 -0.236746013 -0.220032371 -0.939186695 0.163415126 0.004854401 0.046810980 0.985434251
1504645187.909257 -0.232057446 -0.228057112 -0.938858962 0.163642044 0.005011317 0.046323282 0.985418856
1504645187.956437 -0.222192147 -0.235385286 -0.920728713 0.163953672 0.007765034 0.050898818 0.985123448
1504645187.972319 -0.216012764 -0.243595877 -0.913008827 0.163514371 0.008095731 0.053174222 0.985073607
1504645188.003713 -0.209613937 -0.247413640 -0.914299093 0.164655112 0.010022951 0.051466738 0.984956552
1504645188.029671 -0.205162509 -0.259144728 -0.900799015 0.164865674 0.011683460 0.054324164 0.984749558
1504645188.052386 -0.200388747 -0.265750080 -0.897617354 0.163625821 0.012345254 0.056802003 0.984808468
1504645188.062471 -0.202469162 -0.274230350 -0.898169044 0.162868950 0.014290451 0.055948707 0.984956461
1504645188.072722 -0.198875515 -0.276410617 -0.893425997 0.163146734 0.014267551 0.054450788 0.984994767
1504645188.083315 -0.195574118 -0.279846247 -0.885706080 0.163840193 0.013721922 0.055388324 0.984835130
1504645188.093719 -0.194172520 -0.283683016 -0.886808427 0.163251669 0.013753465 0.055466105 0.984928041
1504645188.104521 -0.192268293 -0.287282653 -0.887320526 0.162839562 0.015237083 0.056717133 0.984903181
1504645188.130172 -0.187156303 -0.294995908 -0.879232658 0.163398450 0.015811323 0.057019264 0.984784114
1504645188.161411 -0.185082788 -0.302009914 -0.870564965 0.162033846 0.015502004 0.057640285 0.984978334
1504645188.167002 -0.180097727 -0.306116704 -0.869630296 0.163435932 0.017140173 0.057664430 0.984718094
1504645188.177110 -0.180294330 -0.309788726 -0.869422170 0.164177549 0.018230969 0.058193156 0.984544017
1504645188.198639 -0.171223938 -0.314037764 -0.858697718 0.164701471 0.017718144 0.062144368 0.984224350
1504645188.254030 -0.165262615 -0.325205143 -0.845732544 0.164827392 0.018440350 0.059958875 0.984325565
1504645188.264228 -0.163349331 -0.331654911 -0.843998486 0.166092988 0.019191144 0.059670686 0.984115963
1504645188.327020 -0.157194260 -0.344369864 -0.830128474 0.167942973 0.021863066 0.060701189 0.983683145
1504645188.359010 -0.154815799 -0.355010367 -0.822121574 0.169791476 0.022191166 0.059822757 0.983412245
1504645188.404921 -0.147095361 -0.364385037 -0.810642959 0.167323824 0.023880651 0.064346283 0.983510045
1504645188.425588 -0.141508558 -0.373757980 -0.803418365 0.166661702 0.023259206 0.063984005 0.983660985
1504645188.452858 -0.139499254 -0.382869797 -0.805662467 0.167558520 0.023269774 0.063816719 0.983519235
1504645188.499391 -0.133287945 -0.399722039 -0.790768522 0.167202338 0.023178683 0.062503569 0.983666321
1504645188.526798 -0.126440227 -0.414319724 -0.780124630 0.166710072 0.023325114 0.066141139 0.983508536
1504645188.537020 -0.123178622 -0.423821058 -0.778783949 0.164067661 0.022183666 0.064022637 0.984119296
1504645188.569805 -0.115373915 -0.435597119 -0.776173509 0.163987493 0.022159005 0.062645241 0.984221852
1504645188.585549 -0.112501872 -0.448796517 -0.767292999 0.164283352 0.020968905 0.062819235 0.984187497
1504645188.633671 -0.105519977 -0.459914095 -0.761416227 0.164653764 0.021988646 0.065546299 0.983925465
1504645188.644035 -0.103115549 -0.468527167 -0.759551429 0.163716973 0.021373783 0.065589849 0.984092417
1504645188.654295 -0.100897499 -0.472037393 -0.754134711 0.162566656 0.021545915 0.067660710 0.984139159
1504645188.687158 -0.096325815 -0.482797353 -0.750029494 0.164247518 0.022293325 0.067787202 0.983834669
1504645188.723104 -0.090870946 -0.490471386 -0.740970125 0.166145356 0.021762218 0.065883222 0.983657221
1504645188.739343 -0.087176921 -0.498101526 -0.734332760 0.166681889 0.021463848 0.065287251 0.983612742
1504645188.765133 -0.077559087 -0.501971176 -0.730222356 0.167211429 0.020735092 0.068812317 0.983298154
1504645188.770137 -0.074504007 -0.504171880 -0.728822967 0.166814342 0.019618325 0.068283176 0.983425393
1504645188.874644 -0.061955080 -0.524459584 -0.719621278 0.173169454 0.024741703 0.068437863 0.982199800
1504645188.906826 -0.057403712 -0.543846308 -0.684625704 0.174770636 0.025065697 0.065832357 0.982086064
1504645188.917023 -0.050388778 -0.547306912 -0.678649624 0.173348844 0.023112409 0.066390691 0.982348345
1504645188.937841 -0.039404868 -0.560636373 -0.669689854 0.172940538 0.023378576 0.068298896 0.982283194
1504645188.960232 -0.033488864 -0.568130812 -0.664189917 0.171217138 0.020847349 0.068234168 0.982646517
1504645188.991316 -0.025794863 -0.586738619 -0.645559895 0.171873055 0.021712351 0.069012901 0.982458878
1504645189.044770 -0.025680079 -0.582135003 -0.646066802 0.171026412 0.023893037 0.067760182 0.982643194
1504645189.097614 -0.019159080 -0.593148827 -0.629951337 0.174020604 0.027650396 0.070264008 0.981842785
1504645189.107867 -0.017422990 -0.596915047 -0.612387454 0.174544889 0.028252818 0.069905805 0.981758136
1504645189.150687 -0.018011921 -0.595704293 -0.610550610 0.179712940 0.031750178 0.071805226 0.980581050
1504645189.161191 -0.020396130 -0.595421116 -0.609893309 0.181002541 0.032374728 0.070204278 0.980439349
1504645189.176909 -0.022302530 -0.586608250 -0.639256745 0.181767746 0.036680182 0.069828071 0.980172990
1504645189.197262 -0.030790850 -0.576984022 -0.686333345 0.185302430 0.037392200 0.072440590 0.979294232
1504645189.240771 -0.044736234 -0.592154768 -0.670397113 0.187715487 0.042311494 0.071141380 0.978729553
1504645189.250830 -0.038351147 -0.592796924 -0.672262625 0.190078134 0.047081289 0.069414466 0.978179578
1504645189.266809 -0.044321967 -0.574832176 -0.677347675 0.195844920 0.047668666 0.069379212 0.977015348
1504645189.282789 -0.039915671 -0.582500189 -0.658841346 0.196649283 0.050691979 0.067988111 0.976799365
1504645189.360257 -0.038481760 -0.598534223 -0.664585775 0.200076922 0.053246834 0.065991936 0.976104023
1504645189.381990 -0.041194152 -0.609364652 -0.660560638 0.199754839 0.056618674 0.066637755 0.975936340
1504645189.392939 -0.035749091 -0.612111647 -0.652934810 0.200479461 0.056362049 0.065972201 0.975847823
1504645189.403272 -0.032205590 -0.619425684 -0.637164515 0.201691269 0.056863320 0.070196413 0.975274145
1504645189.418702 -0.023701117 -0.611036115 -0.665199699 0.203522742 0.057763456 0.065779140 0.975148697
1504645189.429225 -0.025178403 -0.618357180 -0.655119673 0.203893740 0.056426809 0.069831220 0.974867662
1504645189.461656 -0.032238928 -0.638148432 -0.606914456 0.205618000 0.059300149 0.062084182 0.974859110
1504645189.472913 -0.037546805 -0.632459083 -0.590710325 0.208001086 0.062310611 0.061059412 0.974230304
1504645189.483228 -0.039393632 -0.630541240 -0.586485657 0.211899231 0.064489633 0.066483329 0.972892476
1504645189.521559 -0.024467249 -0.633321013 -0.581213685 0.211718691 0.062702347 0.071337490 0.972704772
1504645189.537630 -0.017403193 -0.639466994 -0.583835908 0.213759348 0.061543559 0.069794447 0.972444377
1504645189.549600 -0.010285586 -0.645772675 -0.589729705 0.212210907 0.060737295 0.071210782 0.972731482
1504645189.560098 -0.005390637 -0.659012109 -0.583861185 0.209705968 0.060003019 0.070081220 0.973402110
1504645189.571822 -0.002115627 -0.667631462 -0.570409279 0.210052726 0.060408945 0.070307756 0.973285894
1504645189.582042 -0.000399283 -0.668362828 -0.571170260 0.210064755 0.059921152 0.071923555 0.973195385
1504645189.593566 -0.010166890 -0.665512219 -0.580621777 0.210835414 0.063125570 0.071410420 0.972863887
1504645189.614559 -0.004009045 -0.675981764 -0.570778955 0.212432556 0.063961861 0.071578309 0.972449400
1504645189.631414 -0.006600972 -0.680728734 -0.567137345 0.213143863 0.063154504 0.072200691 0.972300500
1504645189.663440 -0.000807338 -0.696013822 -0.552097215 0.213802804 0.064154353 0.069133035 0.972313326
1504645189.678887 -0.003296980 -0.700076423 -0.546675189 0.213663282 0.066113094 0.067628747 0.972318576
1504645189.722504  0.006247667 -0.715789788 -0.537970804 0.215497421 0.067833676 0.070817109 0.971568007
1504645189.732667  0.006269143 -0.724572144 -0.549081584 0.214535621 0.068051039 0.069301063 0.971874933
1504645189.743020  0.006097349 -0.731929598 -0.543353316 0.213896234 0.067753570 0.068168896 0.972116689
1504645189.790823  0.012759747 -0.752695313 -0.534391971 0.215853404 0.069994961 0.066137756 0.971665483
1504645189.832171  0.024213736 -0.764642730 -0.534298569 0.216625587 0.070282437 0.069938295 0.971206656
1504645189.859565  0.033324167 -0.782024421 -0.529726146 0.218677413 0.070480841 0.071363660 0.970628594
1504645189.869892  0.041472266 -0.789973383 -0.518942849 0.218762700 0.070631239 0.071117241 0.970616529
1504645189.901263  0.049154786 -0.805794008 -0.519224667 0.218305935 0.071312307 0.071401390 0.970648709
1504645189.921797  0.045729166 -0.811179215 -0.523800271 0.217678900 0.072600738 0.069855446 0.970806493
1504645189.935227  0.047355863 -0.820124026 -0.529409006 0.217397597 0.074461524 0.067727851 0.970879346
1504645189.958041  0.053214539 -0.836950803 -0.520689614 0.217257835 0.075047989 0.069118655 0.970767451
1504645189.968588  0.053450654 -0.851830906 -0.518553242 0.218171722 0.076350413 0.068999326 0.970469375
1504645189.982255  0.055473655 -0.855280588 -0.527624567 0.218360295 0.076924953 0.069545796 0.970342576
1504645190.016348  0.060233667 -0.871052933 -0.506577398 0.219205687 0.077405525 0.071265300 0.969988922
1504645190.098062  0.072127056 -0.883813392 -0.516385776 0.223892970 0.082054346 0.071810690 0.968494836
1504645190.114740  0.076878647 -0.900843906 -0.494206594 0.223643265 0.082787884 0.072866277 0.968411257
1504645190.145512  0.083099952 -0.911511865 -0.485878562 0.223700106 0.082596249 0.074975141 0.968253505
1504645190.160785  0.088633000 -0.912800190 -0.498593530 0.223937466 0.084134084 0.074602503 0.968095002
1504645190.171623  0.088653752 -0.931993607 -0.485599617 0.222184188 0.083647961 0.075248213 0.968491049
1504645190.228415  0.091040326 -0.947316509 -0.488422710 0.220834319 0.086216879 0.076728053 0.968458393
1504645190.260330  0.094268782 -0.958503958 -0.486747894 0.221255854 0.089709311 0.074675202 0.968205402
1504645190.276673  0.093243351 -0.969970555 -0.486838460 0.220410804 0.092113627 0.073167827 0.968287471
1504645190.286803  0.092373324 -0.979804561 -0.478014031 0.219351798 0.091268377 0.075163432 0.968455126
1504645190.297048  0.094055602 -0.984513421 -0.485061218 0.218723877 0.091666806 0.076178278 0.968480218
1504645190.328995  0.101332069 -0.986520918 -0.472190072 0.219939148 0.093563604 0.076362862 0.968008955
1504645190.339593  0.105467639 -0.991998148 -0.472666917 0.220589122 0.094520918 0.077900826 0.967645439
1504645190.350447  0.103557436 -0.997748375 -0.466108303 0.220546030 0.096256583 0.077310079 0.967531535
1504645190.366640  0.109938230 -1.005048088 -0.453600008 0.220304869 0.096976808 0.077724080 0.967481385
1504645190.376837  0.109993981 -1.007677846 -0.457082447 0.220266644 0.098641490 0.075711996 0.967481346
1504645190.387001  0.111489619 -1.010573115 -0.455747958 0.220145164 0.098316725 0.078562833 0.967314742
1504645190.397882  0.112294761 -1.017684291 -0.457677634 0.219348487 0.096190876 0.079426667 0.967638859
1504645190.402963  0.116381101 -1.016772683 -0.471771107 0.218571988 0.097799808 0.078937617 0.967693307
1504645190.414062  0.119140401 -1.027024202 -0.454246841 0.218267362 0.098994457 0.079478320 0.967596327
1504645190.424634  0.118517872 -1.023940219 -0.457290582 0.218793405 0.098941877 0.080303220 0.967414773
1504645190.450937  0.123248726 -1.030851196 -0.452579197 0.219957038 0.098485363 0.081587303 0.967089989
1504645190.461127  0.131747480 -1.033183195 -0.453743454 0.220567148 0.098369530 0.083529973 0.966796934
1504645190.466178  0.131546358 -1.032507153 -0.452534469 0.219963313 0.097033008 0.082689128 0.967141791
1504645190.490776  0.134112088 -1.035994500 -0.461330368 0.221955631 0.097444663 0.085011779 0.966443601
1504645190.516650  0.134734313 -1.043367358 -0.442850843 0.219272653 0.098694486 0.085489795 0.966886962
1504645190.537046  0.130936624 -1.043291993 -0.443386917 0.218590287 0.098360356 0.086415840 0.966993190
1504645190.548584  0.134244966 -1.046373899 -0.441249839 0.217656769 0.098776340 0.087055320 0.967103995
1504645190.558806  0.127489415 -1.055463164 -0.440412186 0.217672744 0.098258190 0.085920117 0.967254691
1504645190.569149  0.130526364 -1.055820619 -0.443172642 0.217053440 0.099494392 0.085881920 0.967270886
1504645190.601243  0.135186496 -1.058367150 -0.453992088 0.218886746 0.099303822 0.089790491 0.966522121
1504645190.611428  0.128487814 -1.062205838 -0.444518574 0.217600916 0.099520693 0.089074473 0.966856355
1504645190.648401  0.130478758 -1.067628713 -0.447920769 0.218195921 0.101564057 0.089120897 0.966505431
1504645190.658620  0.125181082 -1.071946291 -0.436935630 0.216652010 0.099450878 0.092409148 0.966763662
1504645190.669655  0.127463757 -1.082397419 -0.426886824 0.217439900 0.101668803 0.091602940 0.966432743
1504645190.700986  0.123748231 -1.085460240 -0.427857100 0.217769123 0.103671917 0.092648570 0.966046057
1504645190.717463  0.124085643 -1.093440318 -0.426576416 0.218503589 0.103615960 0.090706075 0.966070558
1504645190.733864  0.118162976 -1.097089110 -0.433190266 0.217252736 0.105318196 0.090393511 0.966197878
1504645190.751073  0.117340398 -1.105377650 -0.427011034 0.217625238 0.104558213 0.091153430 0.966125193
1504645190.771814  0.117576877 -1.121827999 -0.424217321 0.216793955 0.105748165 0.090731955 0.966222241
1504645190.793355  0.120217875 -1.125233294 -0.422002952 0.216760140 0.106130460 0.090263595 0.966231779
1504645190.863856  0.122507381 -1.142447295 -0.417871411 0.219867826 0.105509256 0.092967246 0.965340887
1504645190.956016  0.128343738 -1.168656525 -0.408741699 0.223312840 0.104537851 0.092475994 0.964702754
1504645190.978147  0.131042240 -1.177880484 -0.408793085 0.223006298 0.103577241 0.092612251 0.964864196
1504645190.988975  0.133243411 -1.191569939 -0.410534107 0.221890187 0.103274795 0.092563159 0.965158600
1504645191.000984  0.136675006 -1.203838309 -0.408174506 0.221379669 0.102842409 0.093439594 0.965237548
1504645191.011497  0.137361228 -1.208164397 -0.412337583 0.221053931 0.104359205 0.093331262 0.965159879
1504645191.021737  0.136808435 -1.211427927 -0.415438893 0.220315384 0.103837302 0.094232588 0.965297449
1504645191.065260  0.133831871 -1.221507172 -0.413002894 0.220858690 0.104746014 0.093515306 0.965144859
1504645191.096426  0.134024651 -1.232143010 -0.408211756 0.222236849 0.103656531 0.094107101 0.964888574
1504645191.107214  0.135988005 -1.231093344 -0.408779145 0.221312772 0.105760681 0.092326503 0.965044638
1504645191.123015  0.128796842 -1.232400992 -0.408518897 0.221449862 0.103794160 0.092474838 0.965212482
1504645191.133211  0.122931448 -1.236805222 -0.416892888 0.222955990 0.105445910 0.090265129 0.964895846
1504645191.143764  0.127012229 -1.235423431 -0.413575835 0.222858476 0.107195761 0.091368338 0.964621685
1504645191.164377  0.114071709 -1.235467851 -0.418312597 0.222259274 0.108629182 0.088980441 0.964822780
1504645191.186563  0.107763027 -1.243540770 -0.394460875 0.219597588 0.109162699 0.094098031 0.964886504
1504645191.197070  0.103491840 -1.245739797 -0.387545208 0.217858053 0.110236969 0.090595745 0.965493703
1504645191.207253  0.101592510 -1.248178954 -0.391447892 0.215915924 0.109110717 0.094777320 0.965656473
1504645191.225878  0.104262853 -1.248068205 -0.386594330 0.214426554 0.108030501 0.094169100 0.966169159
1504645191.236401  0.097277884 -1.256432604 -0.387291142 0.212824436 0.108214819 0.093821763 0.966536492
1504645191.283834  0.089866144 -1.262532797 -0.383807246 0.209386639 0.109947207 0.090546066 0.967403875
1504645191.294474  0.089079497 -1.269693617 -0.377079610 0.208896527 0.109722317 0.089694789 0.967614644
1504645191.304789  0.082468145 -1.282277804 -0.392375518 0.207684864 0.109440958 0.089899446 0.967888301
1504645191.336011  0.090328320 -1.286955878 -0.393508413 0.206358221 0.105495950 0.091092727 0.968498324
1504645191.361748  0.090183436 -1.296550191 -0.392365330 0.206454589 0.104929121 0.090840623 0.968563040
1504645191.382222  0.089457278 -1.304606958 -0.389788317 0.206919817 0.102714967 0.089925909 0.968786435
1504645191.387378  0.095780775 -1.303774773 -0.391820903 0.205946868 0.102767303 0.088728852 0.969098530
1504645191.419019  0.092750986 -1.306713152 -0.393291557 0.207267845 0.099775216 0.086618217 0.969320500
1504645191.444967  0.094046244 -1.313697920 -0.386577071 0.208150174 0.097505153 0.087954858 0.969242072
1504645191.485932  0.087774808 -1.322932454 -0.389477131 0.208744004 0.096248453 0.086212551 0.969396499
1504645191.501180  0.085561031 -1.324299227 -0.391069431 0.208659093 0.095076901 0.084466626 0.969684049
1504645191.514579  0.082864043 -1.334223759 -0.381158383 0.209378002 0.094140957 0.083392043 0.969713411
1504645191.535154  0.082984158 -1.341385338 -0.385404982 0.209467931 0.093994644 0.082659885 0.969770868
1504645191.545300  0.082278213 -1.343371024 -0.389158147 0.208911891 0.092256364 0.080515257 0.970238053
1504645191.560720  0.079700299 -1.342659396 -0.382745801 0.209145030 0.092288215 0.081535412 0.970099592
1504645191.576344  0.070347458 -1.348851316 -0.380959178 0.209791701 0.092088562 0.078009379 0.970268868
1504645191.591518  0.071863112 -1.358725680 -0.371664775 0.209743401 0.091532275 0.075967647 0.970493929
1504645191.601861  0.070933374 -1.356553041 -0.369934878 0.208410210 0.091626414 0.075256300 0.970827623
1504645191.617055  0.071618677 -1.355456008 -0.375536093 0.210270007 0.088519519 0.077898811 0.970506360
1504645191.627605  0.075172597 -1.359781833 -0.375237918 0.210228398 0.089962988 0.077799163 0.970390628
1504645191.647989  0.075266628 -1.368727134 -0.369172955 0.209256631 0.088172431 0.077330987 0.970802350
1504645191.658333  0.070612351 -1.371941794 -0.367951859 0.208305412 0.087634956 0.075186906 0.971223918
1504645191.668735  0.063526272 -1.375581682 -0.372182157 0.207180145 0.088320196 0.073918755 0.971499845
1504645191.689300  0.060200934 -1.384370478 -0.362384081 0.207388733 0.088424602 0.071411627 0.971633358
1504645191.699598  0.057120103 -1.389165459 -0.358595651 0.206825777 0.088067256 0.071245944 0.971797958
1504645191.709653  0.056451405 -1.393242621 -0.362849565 0.207079687 0.086881533 0.074264722 0.971624595
1504645191.745363  0.053234993 -1.396850261 -0.352890230 0.206213397 0.088027913 0.070776243 0.971965969
1504645191.758298  0.050385391 -1.402296320 -0.347714514 0.206083382 0.088630997 0.068156663 0.972125946
1504645191.790801  0.042188476 -1.405588807 -0.348191952 0.205960660 0.088601025 0.067319824 0.972212994
1504645191.837543  0.039120389 -1.418661879 -0.335605148 0.206044962 0.087276058 0.063774783 0.972553927
1504645191.847985  0.038030061 -1.422863092 -0.336912730 0.207006618 0.087050518 0.062496897 0.972452881
1504645191.858119  0.036407185 -1.429835603 -0.336331661 0.206645169 0.086574895 0.062292593 0.972585315
1504645191.936469  0.032667552 -1.444793472 -0.325214852 0.207319348 0.086187100 0.059452163 0.972654056
1504645191.941684  0.030276352 -1.452649861 -0.324751693 0.206517756 0.087338325 0.058439264 0.972783268
1504645191.969131  0.024507155 -1.466660597 -0.324781270 0.206300509 0.086067786 0.057971844 0.972970555
1504645191.984865  0.017631072 -1.471853878 -0.332505929 0.204021544 0.085074247 0.058924340 0.973481127
1504645191.995218  0.019621796 -1.477112747 -0.327270965 0.203937300 0.085393785 0.061737101 0.973296465
1504645192.044789  0.017358718 -1.489263299 -0.320453881 0.203717132 0.084376139 0.059979008 0.973541224
1504645192.055214  0.018858999 -1.496941073 -0.307929590 0.202515136 0.084414965 0.061409297 0.973699457
1504645192.100104  0.009353714 -1.501517509 -0.311371962 0.203125667 0.083438273 0.057974807 0.973867003
1504645192.113553  0.008199557 -1.508271481 -0.311999302 0.202105296 0.083626290 0.058158710 0.974052184
1504645192.161674  0.004483101 -1.526019125 -0.289124786 0.201719214 0.082870803 0.061561795 0.973987646
1504645192.172473 -0.003543111 -1.530199994 -0.296743079 0.201130485 0.082748310 0.062918559 0.974033110
1504645192.237848 -0.016646755 -1.551246555 -0.274448522 0.197366863 0.082150519 0.063499161 0.974815608
1504645192.248365 -0.023980239 -1.557335986 -0.272472425 0.196546438 0.082151923 0.065121513 0.974874222
1504645192.258929 -0.025418370 -1.558734155 -0.265564490 0.195446245 0.081626970 0.065439393 0.975118192
1504645192.274378 -0.029052486 -1.565095770 -0.267027694 0.194852085 0.080698840 0.066426593 0.975247594
1504645192.285363 -0.024990978 -1.561858149 -0.266164211 0.195247457 0.080661975 0.065434148 0.975238662
1504645192.332858 -0.036892215 -1.580400251 -0.250120271 0.194753942 0.078560561 0.069800179 0.975206171
1504645192.368467 -0.049906614 -1.588423498 -0.249059409 0.194383708 0.077815230 0.069088635 0.975390447
1504645192.404594 -0.049789575 -1.599537238 -0.231513816 0.193809182 0.077460868 0.069440368 0.975507996
1504645192.415282 -0.054829673 -1.601701625 -0.234201920 0.193033349 0.077970368 0.070202839 0.975566661
1504645192.456967 -0.066330426 -1.611867525 -0.223076859 0.192816829 0.078983629 0.069211536 0.975598801
1504645192.482903 -0.078214911 -1.634307473 -0.211266586 0.192853685 0.080222530 0.070054588 0.975430242
1504645192.513906 -0.088968628 -1.640644513 -0.205217533 0.191086038 0.081742322 0.069610413 0.975683714
1504645192.534628 -0.090901298 -1.651124384 -0.198504106 0.190188598 0.082713328 0.068287311 0.975870712
1504645192.592026 -0.109929441 -1.655948765 -0.199553622 0.190116313 0.081630817 0.067139742 0.976055558
1504645192.663284 -0.126618432 -1.664130322 -0.194040061 0.190758376 0.080639810 0.059469312 0.976510043
1504645192.715285 -0.128988797 -1.670701555 -0.171588111 0.191096075 0.080649480 0.053144310 0.976807880
1504645192.746315 -0.121211024 -1.679699279 -0.149906527 0.192107423 0.078976729 0.052062000 0.976804465
1504645192.795475 -0.119912302 -1.695344639 -0.134271945 0.193002498 0.076879614 0.049095522 0.976948919
1504645192.806367 -0.096369334 -1.689829356 -0.145412715 0.185879816 0.074177639 0.045906332 0.978692485
1504645192.827094 -0.103476181 -1.692954436 -0.148417103 0.188338186 0.071777293 0.047013551 0.978348851
1504645192.859950 -0.107975533 -1.699681449 -0.132235144 0.188078654 0.069719768 0.041566637 0.978794048
1504645192.875604 -0.101787809 -1.701865514 -0.119376133 0.186301384 0.068437793 0.035851182 0.979450231
1504645192.928499 -0.114316608 -1.708082300 -0.111505641 0.185583462 0.066315688 0.031880374 0.979869711
1504645192.986143 -0.135697188 -1.733073200 -0.096242707 0.186591351 0.064458532 0.028678406 0.979901176
1504645193.001930 -0.134178982 -1.738717259 -0.090407013 0.186520350 0.064969151 0.029133905 0.979867534
1504645193.170886 -0.126964902 -1.745823723 -0.082012862 0.187858039 0.074823664 0.024044429 0.979046803
1504645193.197469 -0.139993701 -1.761293824 -0.046587762 0.185819067 0.077796877 0.016160351 0.979366001
1504645193.207640 -0.145486942 -1.768311466 -0.035679526 0.184150249 0.077373308 0.015579311 0.979724115
1504645193.224800 -0.148017172 -1.767299487 -0.037980366 0.183200969 0.077882327 0.014129098 0.979883726
1504645193.240380 -0.176426951 -1.763523727 -0.051628255 0.184471480 0.077908525 0.013322434 0.979654555
1504645193.282648 -0.169134527 -1.794818224 -0.012957356 0.189169957 0.076809401 0.017118025 0.978785991
1504645193.292893 -0.175404929 -1.797991356  0.007876405 0.191285475 0.078030293 0.018371919 0.978255393
1504645193.303221 -0.187956011 -1.796837751  0.013449052 0.193273888 0.078963204 0.016822153 0.977817484
1504645193.313391 -0.200846439 -1.803483540  0.014351168 0.195301744 0.080217588 0.018332129 0.977285168
1504645193.333992 -0.202477764 -1.806741578  0.019921789 0.196578705 0.081036169 0.018611623 0.976956273
1504645193.371899 -0.215461882 -1.819890256  0.019987869 0.197383313 0.079016709 0.019141037 0.976949235
1504645193.409016 -0.205296839 -1.834224553  0.050418854 0.197237326 0.078730911 0.018989662 0.977004746
1504645193.426456 -0.207184318 -1.851120488  0.064560565 0.199158470 0.077545887 0.016025153 0.976762885
1504645193.467319 -0.213133112 -1.868629581  0.103407655 0.201287399 0.074839623 0.018528529 0.976493271
1504645193.500033 -0.221439906 -1.879850515  0.104093774 0.204266322 0.073733615 0.021147132 0.975905437
1504645193.545069 -0.239997728 -1.897389855  0.118128698 0.209173923 0.072816072 0.021730883 0.974921463
1504645193.570530 -0.248154235 -1.904376581  0.105385295 0.209373400 0.071334617 0.020070018 0.975023767
1504645193.629564 -0.234894468 -1.942684912  0.162196265 0.212005905 0.071378915 0.022826249 0.974390840
1504645193.647048 -0.250140154 -1.971470466  0.180153296 0.212106163 0.071374539 0.020117907 0.974429023
1504645193.695899 -0.254273363 -1.983293334  0.192749320 0.216386295 0.070283552 0.021506856 0.973537184
1504645193.732745 -0.262079531 -2.007142654  0.186125821 0.220868852 0.065015310 0.025294434 0.972805300
1504645193.748095 -0.260628373 -2.031419055  0.216740676 0.222106338 0.062969559 0.032122921 0.972456543
1504645193.772131 -0.264100302 -2.045832901  0.219082512 0.222745748 0.063308605 0.032399046 0.972279103
1504645193.804950 -0.264238140 -2.078826947  0.231130902 0.227327708 0.061024295 0.034895883 0.971277729
1504645193.820248 -0.264880661 -2.087112658  0.232819809 0.228018463 0.057960432 0.036002233 0.971263099
1504645193.839416 -0.261848189 -2.105886650  0.229972495 0.227468925 0.057292767 0.038191257 0.971347958
1504645193.854475 -0.258834676 -2.131888365  0.242330089 0.229240889 0.057313549 0.037289898 0.970965105
1504645193.885276 -0.279194352 -2.130647268  0.249426074 0.233176199 0.056299905 0.036642211 0.970111607
1504645193.912814 -0.286697805 -2.143017952  0.257206865 0.236402425 0.056424755 0.035213639 0.969376160
1504645193.987071 -0.278470729 -2.195053923  0.318802789 0.239157944 0.057582633 0.029971759 0.968808243
1504645193.998463 -0.284117147 -2.207098260  0.324338032 0.240436264 0.056899853 0.031821246 0.968473137
1504645194.014534 -0.285156534 -2.215063417  0.340669051 0.238129913 0.057683565 0.030759309 0.969030761
1504645194.050738 -0.286561266 -2.244355831  0.354671648 0.240808063 0.056813507 0.029922998 0.968446341
1504645194.061246 -0.278647279 -2.267446588  0.384538061 0.239945723 0.056321133 0.030304352 0.968677256
1504645194.135780 -0.269488115 -2.308884371  0.406513965 0.242214954 0.056116139 0.025930482 0.968251261
1504645194.243869 -0.269060764 -2.361627786  0.432127771 0.246082496 0.055207225 0.027333427 0.967289228
1504645194.259168 -0.276502126 -2.383614080  0.444505094 0.246926208 0.054681295 0.028890090 0.967058823
1504645194.269741 -0.278567580 -2.383601779  0.442000417 0.246577172 0.056029398 0.030462468 0.967022462
1504645194.332328 -0.282823037 -2.421263583  0.449805200 0.243674069 0.057089110 0.027531352 0.967783967
1504645194.380860 -0.276490650 -2.450297013  0.463251840 0.241982077 0.060586635 0.025065240 0.968062843
1504645194.407619 -0.276549040 -2.476329890  0.476499987 0.240964936 0.062285047 0.022996284 0.968260111
1504645194.423051 -0.273899638 -2.484295389  0.464207303 0.239973420 0.060555102 0.028019366 0.968483739
1504645194.433410 -0.272246595 -2.492414440  0.474778046 0.238988910 0.062748414 0.026003740 0.968643765
1504645194.448818 -0.265355605 -2.501953310  0.486858630 0.239960967 0.060816181 0.026634878 0.968509530
1504645194.481988 -0.262568506 -2.512829101  0.476896536 0.239757257 0.061000741 0.025033621 0.968591082
1504645194.493294 -0.265738558 -2.522403379  0.492483580 0.240080739 0.062111204 0.024883468 0.968444242
1504645194.509473 -0.268601572 -2.525906859  0.489048487 0.240750373 0.064475455 0.026820554 0.968071708
1504645194.540408 -0.265826564 -2.548161791  0.500104852 0.240880407 0.065829053 0.026320251 0.967961988
1504645194.550523 -0.266399613 -2.559935889  0.498386535 0.239432170 0.065753031 0.025473544 0.968349045
1504645194.560961 -0.258179395 -2.564285429  0.488613750 0.240116623 0.063158028 0.029673603 0.968232693
1504645194.582089 -0.265807388 -2.576651248  0.508018274 0.238430864 0.064692397 0.029189577 0.968562639
1504645194.666512 -0.252352346 -2.608301104  0.540877351 0.240190533 0.065700066 0.031795344 0.967977823
1504645194.681936 -0.249527734 -2.610936590  0.537629555 0.240509144 0.066892590 0.032529103 0.967792638
1504645194.697302 -0.244486742 -2.623724293  0.546057647 0.240446241 0.066287096 0.030982239 0.967900680
1504645194.714079 -0.247664292 -2.637180521  0.550572454 0.240415462 0.067959514 0.032863265 0.967730291
1504645194.772510 -0.231831595 -2.671898536  0.571431587 0.245126472 0.070412857 0.033500078 0.966350240
1504645194.782687 -0.228502491 -2.677078733  0.574494766 0.245001396 0.071081602 0.033242761 0.966341886
1504645194.801046 -0.225382157 -2.676005554  0.566612499 0.246508558 0.070085120 0.035410711 0.965954289
1504645194.816202 -0.223045539 -2.689750569  0.584187678 0.245916964 0.072074924 0.035176547 0.965967216
1504645194.828081 -0.226063894 -2.700261252  0.576041228 0.240206499 0.072447207 0.026224610 0.967659294
1504645194.839746 -0.222538055 -2.707804036  0.575881229 0.239719205 0.072169230 0.030034210 0.967690163
1504645194.864582 -0.217599182 -2.729066175  0.588239303 0.238495085 0.072435831 0.028969305 0.968005126
1504645194.890366 -0.213329190 -2.727503700  0.602317266 0.239664919 0.071769917 0.033649499 0.967614343
1504645194.900467 -0.210060072 -2.724529315  0.605842986 0.240182148 0.071436324 0.033636320 0.967511233
1504645194.915920 -0.206041570 -2.724447633  0.616455978 0.241364085 0.072211405 0.032885175 0.967185327
1504645194.936402 -0.202426215 -2.727763417  0.621996823 0.242970049 0.072786859 0.033138026 0.966731348
1504645194.954270 -0.198204979 -2.722798046  0.627690915 0.243501786 0.073917509 0.032137329 0.966545536
1504645194.964405 -0.192420282 -2.727501624  0.628161774 0.244007423 0.073490319 0.033937227 0.966389060
1504645194.995034 -0.175292598 -2.733059508  0.634183088 0.245145085 0.072300762 0.035553576 0.966132719
1504645195.010381 -0.172682279 -2.732870674  0.636518202 0.247423551 0.071705404 0.033336014 0.965675221
1504645195.053396 -0.157010106 -2.748640557  0.653659916 0.246654064 0.072172934 0.036017296 0.965740956
1504645195.068754 -0.153997274 -2.750934621  0.654707509 0.246047387 0.072055087 0.034108124 0.965973801
1504645195.079691 -0.149739626 -2.756623688  0.658716086 0.246911392 0.072023301 0.035767422 0.965695656
1504645195.155958 -0.151329500 -2.777064287  0.675345789 0.247978887 0.073217021 0.039940605 0.965168632
1504645195.171262 -0.154180242 -2.784841380  0.672942704 0.245955179 0.074329730 0.038037513 0.965678150
1504645195.212293 -0.148124513 -2.788114009  0.680321698 0.246330731 0.073742187 0.037799978 0.965636796
1504645195.222624 -0.137480269 -2.792401543  0.692856739 0.245101278 0.074742942 0.035128344 0.965973527
1504645195.250594 -0.131595586 -2.795206400  0.680648752 0.244441748 0.074636318 0.036159952 0.966110817
1504645195.276988 -0.121075507 -2.804686131  0.682539778 0.243845834 0.075206713 0.035729790 0.966233171
1504645195.331553 -0.099953842 -2.814508740  0.694158663 0.243624481 0.077376091 0.034416197 0.966165399
1504645195.342221 -0.098103679 -2.821947389  0.691934081 0.243863961 0.077910406 0.032661652 0.966122950
1504645195.404447 -0.084760811 -2.830222660  0.694757710 0.243946269 0.079924022 0.031640366 0.965971664
1504645195.445383 -0.082452519 -2.838439731  0.701067228 0.241941521 0.079807339 0.032105435 0.966470036
1504645195.460757 -0.080801010 -2.840809618  0.697014359 0.242103227 0.080003008 0.032401203 0.966403491
1504645195.511663 -0.066355093 -2.854989833  0.716148640 0.241368619 0.081244360 0.032769302 0.966471270
1504645195.527041 -0.067731300 -2.856376448  0.708373378 0.240685785 0.082071825 0.033456857 0.966548088
1504645195.573961 -0.053998727 -2.866754505  0.712634441 0.239401353 0.085494959 0.029546557 0.966697784
1504645195.615420 -0.044562533 -2.870406110  0.718782134 0.240356974 0.086279654 0.031444209 0.966331003
1504645195.625692 -0.041676567 -2.867265638  0.709599246 0.240251590 0.087018231 0.030411520 0.966324035
1504645195.646211 -0.036305584 -2.877898889  0.723689883 0.240333505 0.087245078 0.030119754 0.966292349
1504645195.666720 -0.031663268 -2.876729839  0.716090660 0.239915259 0.087113583 0.030800490 0.966386683
1504645195.748901 -0.012410649 -2.884683700  0.729513681 0.239644768 0.089282450 0.031857678 0.966221567
1504645195.764430 -0.008850274 -2.892762389  0.736354508 0.240010193 0.089719641 0.031965655 0.966086792
1504645195.774759 -0.006478824 -2.895024037  0.741479396 0.239521924 0.090644798 0.032453746 0.966105337
1504645195.796004 -0.009098879 -2.895623407  0.747461962 0.238113002 0.090414943 0.031211478 0.966516001
1504645195.818398 -0.008638397 -2.898459496  0.735734747 0.239996805 0.092595939 0.031186524 0.965844152
1504645195.850137 -0.001287977 -2.894821788  0.736086912 0.238584788 0.093270052 0.032282704 0.966093072
1504645195.865280 -0.000246110 -2.899278299  0.746007725 0.237876187 0.093136538 0.032740647 0.966265261
1504645195.880894 -0.006152717 -2.901287130  0.743948073 0.237447541 0.093315098 0.028988714 0.966473286
1504645195.891049  0.006418815 -2.905109877  0.746891051 0.237670895 0.094337519 0.034833567 0.966126079
1504645195.999880  0.018394780 -2.904248031  0.761411629 0.236523487 0.095202891 0.036994247 0.966242452
1504645196.010345  0.021925605 -2.907520687  0.753408077 0.238090074 0.096990088 0.033572948 0.965804792
1504645196.036781  0.023772790 -2.905652228  0.758186906 0.237378071 0.096334181 0.036924952 0.965923354
1504645196.079085  0.025649197 -2.913443500  0.780764593 0.236137780 0.098142626 0.036585337 0.966058221
1504645196.089483  0.023612056 -2.908397285  0.764387569 0.236788524 0.097934389 0.040275395 0.965773236
1504645196.099758  0.022706572 -2.915160464  0.764894666 0.235788447 0.097008795 0.039408633 0.966147019
1504645196.130916  0.022329300 -2.905623772  0.754248035 0.234474609 0.098578587 0.035668928 0.966453128
1504645196.152810  0.034303344 -2.916505171  0.771059980 0.234568645 0.098999869 0.043861975 0.966050052
1504645196.196555  0.036362969 -2.913135593  0.759514207 0.234541701 0.099852202 0.040224139 0.966127190
1504645196.234290  0.036904932 -2.930404186  0.784293450 0.234396927 0.097662500 0.042090476 0.966306633
1504645196.249948  0.040802199 -2.930013433  0.769272144 0.234127278 0.098315159 0.042495178 0.966288108
1504645196.265472  0.047385063 -2.917427294  0.757996508 0.232775214 0.099248432 0.043088360 0.966493063
1504645196.281036  0.044292903 -2.930006979  0.754276209 0.234100939 0.097900705 0.043159518 0.966307124
1504645196.344656  0.066796698 -2.941272823  0.779572029 0.231777242 0.098645989 0.041506519 0.966863738
1504645196.361681  0.077202767 -2.931132883  0.765040568 0.230999472 0.098411031 0.043375570 0.966991765
1504645196.395345  0.074410957 -2.940050093  0.759622299 0.230623837 0.098201970 0.042902946 0.967123754
1504645196.424148  0.080796168 -2.939859252  0.760811854 0.230263881 0.097961127 0.040400222 0.967341710
1504645196.518328  0.089263037 -2.927288817  0.743685549 0.230124954 0.100603938 0.040586011 0.967095719
1504645196.555723  0.098351126 -2.934664648  0.760495462 0.230067419 0.102282307 0.035455271 0.967135066
1504645196.572118  0.101693006 -2.931351272  0.758814412 0.231148275 0.102765750 0.038360297 0.966715141
1504645196.587642  0.107037217 -2.932808969  0.770582297 0.231150219 0.103833530 0.037677314 0.966627433
1504645196.620094  0.110352427 -2.926441040  0.760004169 0.231367667 0.105170205 0.035542481 0.966511750
1504645196.654739  0.111668734 -2.929729361  0.765452590 0.232095925 0.104875274 0.038137037 0.966270265
1504645196.696734  0.107314441 -2.911871947  0.754247501 0.231174872 0.108602222 0.034117821 0.966229636
1504645196.723368  0.106710250 -2.913581754  0.763017536 0.232208517 0.107776101 0.036877679 0.965972853
1504645196.738876  0.109676181 -2.907650005  0.753754522 0.231221579 0.104748562 0.031579853 0.966730072
1504645196.803834  0.119617275 -2.903252796  0.731207943 0.233424497 0.105917188 0.038614628 0.965817511
1504645196.821416  0.121610241 -2.910026745  0.766403056 0.231831505 0.105591782 0.038213311 0.966252696
1504645196.904834  0.122543761 -2.915843398  0.762100556 0.230165820 0.107720239 0.036784973 0.966471371
1504645196.920106  0.124979733 -2.905606809  0.747288663 0.230335580 0.107525623 0.039001766 0.966365678
1504645196.966191  0.126593287 -2.906542170  0.753418159 0.229565932 0.107357082 0.039422172 0.966550481
1504645196.988069  0.122754570 -2.908414357  0.758218943 0.229713876 0.106461100 0.037877793 0.966676183
1504645197.008923  0.124948303 -2.898339692  0.747090386 0.228296817 0.106526462 0.039592203 0.966935951
1504645197.035466  0.126324608 -2.899091310  0.749722469 0.228344458 0.106574428 0.039070928 0.966940620
1504645197.085087  0.128786572 -2.908361033  0.727439875 0.230548823 0.108363755 0.040557629 0.966157138
1504645197.151051  0.133540839 -2.896124030  0.741029019 0.230207699 0.109044980 0.038671455 0.966239166
1504645197.161588  0.125046740 -2.891415311  0.721427497 0.227536650 0.109690234 0.038949879 0.966787480
1504645197.182348  0.116838992 -2.885563939  0.714223429 0.228025914 0.110810195 0.034755603 0.966704366
1504645197.229281  0.123836600 -2.890288525  0.724689494 0.226981733 0.110759848 0.034210465 0.966975280
1504645197.256484  0.134415223 -2.879414508  0.720536071 0.227015302 0.111356666 0.039271861 0.966706505
1504645197.274085  0.130116707 -2.873835574  0.710141002 0.228685411 0.111589647 0.037738256 0.966347017
1504645197.324443  0.131654581 -2.857694902  0.700810334 0.227091151 0.113024472 0.034871975 0.966663862
1504645197.356535  0.128990792 -2.861784837  0.700178899 0.228116563 0.111013134 0.035606909 0.966628711
1504645197.446930  0.129162752 -2.831814109  0.676048031 0.227926662 0.110836918 0.037763443 0.966611885
1504645197.479020  0.133859297 -2.843366315  0.688473055 0.228873395 0.110715314 0.034166703 0.966535941
1504645197.510830  0.136242445 -2.827592877  0.660953638 0.227311590 0.111671314 0.034845612 0.966770263
1504645197.516152  0.140781406 -2.835070720  0.684091415 0.225905733 0.112067222 0.033108733 0.967114962
1504645197.532719  0.135170257 -2.824196834  0.666869466 0.226387308 0.112173354 0.040569376 0.966705773
1504645197.543132  0.136934131 -2.826091924  0.672961972 0.226123920 0.113077942 0.034371624 0.966902241
1504645197.626525  0.136434272 -2.812839169  0.650260351 0.227163904 0.111882064 0.036606646 0.966715531
1504645197.662989  0.131835791 -2.798394459  0.644684450 0.228744926 0.112049931 0.035104693 0.966378928
1504645197.683619  0.132236591 -2.792605826  0.648136609 0.229880710 0.112257713 0.034591566 0.966103767
1504645197.724831  0.132676878 -2.786927961  0.646940440 0.230139185 0.111934629 0.034033849 0.966099525
1504645197.761313  0.134822580 -2.771869755  0.631230771 0.229560078 0.111099489 0.035312663 0.966287788
1504645197.792920  0.149099591 -2.777140370  0.647639771 0.228382585 0.109581505 0.035741441 0.966724282
1504645197.803534  0.147056789 -2.767627935  0.636063061 0.230679680 0.109091234 0.033661370 0.966308905
1504645197.861217  0.153912535 -2.749262218  0.616246768 0.228916587 0.110103524 0.034583433 0.966580776
1504645197.881730  0.151201864 -2.744257289  0.617214036 0.228823543 0.108556829 0.033057487 0.966831114
1504645197.897064  0.162571452 -2.738267766  0.624594300 0.231546548 0.108695417 0.034579538 0.966113740
1504645197.912564  0.154006419 -2.722266981  0.594821494 0.230492698 0.108810023 0.033091265 0.966404917
1504645197.970316  0.160654772 -2.706983556  0.598875378 0.230130921 0.107396222 0.033558451 0.966633147
1504645198.002436  0.159590158 -2.702441368  0.600026820 0.231100446 0.107975312 0.035375855 0.966272459
1504645198.049962  0.160930248 -2.694173185  0.603581151 0.230931318 0.107225474 0.032591266 0.966494301
1504645198.128514  0.153800865 -2.661705569  0.588721731 0.229435189 0.108620293 0.032490686 0.966698237
1504645198.139736  0.161825890 -2.653967747  0.587156559 0.231167016 0.107241232 0.031882915 0.966459833
1504645198.154982  0.156964799 -2.638476843  0.569393774 0.233189277 0.106527664 0.031640949 0.966060800
1504645198.199436  0.159667081 -2.625539441  0.575550502 0.233589002 0.106825682 0.033796496 0.965858296
1504645198.209606  0.153236620 -2.613769775  0.570436413 0.234701542 0.105356350 0.036122555 0.965665774
1504645198.281429  0.151296950 -2.602474938  0.567755876 0.233089718 0.105198408 0.036597709 0.966055426
1504645198.291692  0.158137617 -2.593216800  0.564041927 0.233551016 0.104938380 0.035765456 0.966003464
1504645198.330288  0.157648715 -2.591516529  0.567989524 0.232905792 0.104875550 0.036581229 0.966135511
1504645198.356954  0.154806018 -2.578194826  0.562242337 0.232501151 0.104841941 0.036692800 0.966232384
1504645198.377191  0.154046194 -2.565314055  0.549988432 0.233365420 0.103266174 0.038598134 0.966119486
1504645198.439693  0.147745868 -2.542112797  0.544557029 0.233024115 0.103107594 0.039356429 0.966188210
1504645198.454928  0.146532246 -2.536553594  0.546599570 0.232721243 0.103828326 0.037482280 0.966258548
1504645198.495953  0.145545212 -2.520552511  0.535436029 0.231541938 0.104332895 0.036680098 0.966518261
1504645198.511225  0.144471517 -2.512129062  0.531543304 0.232597920 0.104339135 0.039313029 0.966160462
1504645198.521400  0.141231658 -2.502504268  0.528690138 0.232288918 0.105075837 0.037488294 0.966227486
1504645198.548805  0.137516520 -2.497713999  0.523427347 0.231036310 0.105032028 0.035932096 0.966591631
1504645198.584632  0.134777436 -2.487479061  0.520225723 0.229477049 0.105047797 0.037876826 0.966887062
1504645198.612273  0.130034292 -2.471138383  0.504327709 0.229485953 0.106702277 0.035863186 0.966780561
1504645198.685033  0.122264568 -2.451826970  0.495064644 0.227646718 0.107557396 0.035494187 0.967134190
1504645198.695843  0.117963684 -2.446918003  0.495660888 0.227849063 0.108265989 0.036726896 0.966961434
1504645198.744374  0.118166475 -2.427412903  0.481123173 0.227658302 0.109617402 0.039326625 0.966751850
1504645198.765817  0.118959865 -2.422539765  0.482683659 0.228089230 0.110174153 0.037010896 0.966678412
1504645198.776850  0.112705898 -2.414002652  0.474408250 0.228923604 0.110195006 0.038180394 0.966433289
1504645198.793412  0.120413455 -2.407250655  0.473024036 0.228593510 0.110490569 0.035875188 0.966565990
1504645198.836041  0.113094974 -2.386089063  0.452264954 0.228000017 0.110277760 0.039128380 0.966604251
1504645198.848081  0.115496859 -2.383348705  0.458764665 0.228521075 0.110975424 0.037092474 0.966481620
1504645198.902156  0.110588188 -2.359782576  0.445152177 0.228912444 0.113799039 0.038161329 0.966018936
1504645198.988645  0.108974878 -2.323812711  0.410177657 0.226019201 0.115826721 0.037636896 0.966479672
1504645199.004257  0.106499111 -2.312340457  0.406032772 0.226755009 0.117822152 0.038542531 0.966030320
1504645199.036233  0.103257876 -2.304412001  0.405899215 0.226560938 0.119272290 0.038470841 0.965900749
1504645199.041350  0.099938306 -2.293552448  0.399932072 0.226180129 0.120057463 0.038323406 0.965898582
1504645199.089965  0.101669511 -2.272704495  0.388232564 0.225913862 0.122245421 0.038075164 0.965696260
1504645199.139162  0.101347746 -2.238118625  0.363623382 0.222725473 0.124785703 0.039380346 0.966059564
1504645199.156331  0.100610324 -2.235642000  0.369917308 0.223096198 0.124880701 0.040881398 0.965899378
1504645199.195728  0.095143884 -2.208352156  0.358369083 0.219651948 0.126753443 0.039760995 0.966491412
1504645199.206263  0.093877664 -2.200327233  0.356982231 0.219918891 0.127690337 0.042177298 0.966204913
1504645199.228976  0.093877672 -2.199403795  0.361006912 0.219046507 0.128293912 0.041553780 0.966350135
1504645199.251594  0.092259894 -2.182274395  0.354321234 0.216174509 0.129947440 0.044778688 0.966631840
1504645199.298833  0.085206211 -2.159302667  0.333661407 0.212440847 0.131720301 0.046137011 0.967155636
1504645199.314478  0.086413852 -2.147255665  0.326834092 0.210305804 0.134019799 0.042741983 0.967462291
1504645199.347263  0.089150389 -2.146010953  0.325829446 0.209926742 0.134404963 0.044320826 0.967420143
1504645199.379925  0.079352249 -2.131482989  0.317945068 0.207693963 0.135187941 0.046030099 0.967713113
1504645199.395071  0.076892918 -2.126510193  0.317759284 0.207512414 0.137092611 0.045507274 0.967508812
1504645199.451910  0.063858432 -2.100012564  0.300238493 0.205142474 0.139452910 0.045769574 0.967664507
1504645199.470727  0.057034869 -2.095599288  0.304049129 0.205336078 0.142087103 0.046005341 0.967228959
1504645199.501924  0.054486594 -2.079729983  0.290639715 0.203780238 0.142454827 0.043297893 0.967628818
1504645199.512347  0.050367451 -2.069234161  0.290916231 0.202773733 0.143737644 0.044883054 0.967578325
1504645199.551707  0.050912822 -2.056155149  0.275550116 0.202737287 0.141122230 0.049861448 0.967727206
1504645199.605692  0.037042016 -2.045845184  0.275118483 0.200019891 0.143958076 0.049365677 0.967900380
1504645199.615819  0.035236167 -2.040677808  0.272847447 0.198100155 0.144305734 0.047945106 0.968314748
1504645199.641217  0.025710248 -2.035908466  0.267279819 0.196541764 0.143701654 0.047975042 0.968720581
1504645199.666961  0.024011744 -2.031950280  0.254386619 0.196162574 0.145199469 0.048022939 0.968571709
1504645199.697524  0.008783210 -2.027299272  0.248997627 0.194214469 0.146273321 0.047477433 0.968829577
1504645199.725586  0.008096205 -2.023014028  0.242576194 0.192420644 0.147504982 0.046266871 0.969059313
1504645199.736574  0.006152383 -2.022147536  0.221115701 0.191158286 0.145807432 0.046153476 0.969571327
1504645199.746776  0.002601180 -2.020222483  0.227958267 0.189514696 0.146980661 0.046815699 0.969685081
1504645199.774049 -0.006082003 -2.014499220  0.222183686 0.189686897 0.146554176 0.049777548 0.969568435
1504645199.804636 -0.015202345 -2.001489632  0.217200200 0.190317440 0.148304000 0.049647061 0.969185413
1504645199.841444 -0.020505634 -1.991627812  0.214268695 0.189780760 0.149406489 0.048454830 0.969181662
1504645199.867006 -0.030560828 -1.976587006  0.209302124 0.187733602 0.149573055 0.046699601 0.969640729
1504645199.892660 -0.039217883 -1.977651866  0.215706189 0.188723966 0.149641778 0.047205799 0.969413336
1504645199.925809 -0.047862505 -1.966182896  0.201661754 0.186443285 0.150526231 0.050585032 0.969547271
1504645199.935947 -0.049311796 -1.972821056  0.208436297 0.187750027 0.150941510 0.050373863 0.969241488
1504645200.008710 -0.068645297 -1.949109872  0.174282532 0.186041485 0.151230167 0.049906192 0.969550089
1504645200.019162 -0.071000932 -1.946801836  0.186093669 0.184852488 0.153015325 0.050452997 0.969469114
1504645200.045814 -0.081742279 -1.943295524  0.170947586 0.185319595 0.151291491 0.049880540 0.969680084
1504645200.088181 -0.099862295 -1.943863149  0.161277811 0.187512178 0.148699278 0.051708943 0.969563764
1504645200.131481 -0.104173906 -1.946758223  0.182171705 0.189670955 0.150485268 0.057148008 0.968562449
1504645200.194411 -0.112983830 -1.920038641  0.171204165 0.187393454 0.152512436 0.055913086 0.968760743
1504645200.248257 -0.133838974 -1.899763528  0.140299320 0.187408668 0.151019117 0.061653862 0.968643391
1504645200.258516 -0.133549649 -1.898339358  0.142996816 0.187732439 0.150527539 0.062667834 0.968592140
1504645200.279076 -0.130778042 -1.898578775  0.145158875 0.188890023 0.150833285 0.064678276 0.968187275
1504645200.320827 -0.133330560 -1.878324025  0.130675231 0.191741597 0.151801581 0.065112369 0.967446029
1504645200.370410 -0.134385267 -1.876194531  0.135154856 0.193278613 0.152062657 0.065454534 0.967076021
1504645200.381670 -0.140586113 -1.855352929  0.121901016 0.196027073 0.153926060 0.068776856 0.965996842
1504645200.403155 -0.153695090 -1.844929948  0.128507276 0.196636504 0.156043833 0.067908298 0.965594568
1504645200.428942 -0.161169852 -1.833579601  0.117453715 0.195843663 0.157745084 0.069119655 0.965393299
1504645200.440212 -0.169087986 -1.831477474  0.111213402 0.195863100 0.158888842 0.069263025 0.965191492
1504645200.451135 -0.175291157 -1.823137050  0.118664953 0.196377111 0.159989944 0.068825079 0.964936452
1504645200.471396 -0.171961536 -1.822161022  0.115761850 0.196238050 0.160561789 0.069234055 0.964840497
1504645200.492129 -0.181070241 -1.817047784  0.111330984 0.196580455 0.160928596 0.072129910 0.964497479
1504645200.502418 -0.184234597 -1.807567337  0.115115205 0.195327596 0.163504069 0.072210427 0.964312814
1504645200.522960 -0.186709023 -1.806750090  0.112982959 0.196134708 0.164238510 0.072310142 0.964016666
1504645200.527997 -0.188988269 -1.797910869  0.110964994 0.195128138 0.165642714 0.073124037 0.963919279
1504645200.561995 -0.191884705 -1.789028583  0.099024654 0.195711125 0.166914580 0.076278702 0.963337033
1504645200.572992 -0.190846085 -1.787095885  0.099268518 0.195554488 0.168775494 0.075897122 0.963074712
1504645200.606011 -0.193718827 -1.787249471  0.104220071 0.194051890 0.170388617 0.079508496 0.962803190
1504645200.737205 -0.191562237 -1.766065123  0.107314388 0.187459834 0.167307541 0.076634061 0.964880416
1504645200.767835 -0.202988896 -1.750987750  0.062228292 0.189373399 0.169244167 0.095021178 0.962530573
1504645200.774383 -0.222652751 -1.748375225  0.061943374 0.190299636 0.171785830 0.098679714 0.961528986
1504645200.790248 -0.227442605 -1.749150557  0.080060460 0.188339663 0.175042810 0.097189254 0.961479295
1504645200.805504 -0.249722805 -1.750524696  0.072406076 0.188562071 0.177860333 0.100233763 0.960605663
1504645200.832237 -0.260438300 -1.747308621  0.067827820 0.186447915 0.180030249 0.101185932 0.960514285
1504645200.859248 -0.269814660 -1.747088265  0.068757094 0.184152016 0.181933104 0.103489218 0.960353249
1504645200.869512 -0.275376324 -1.748178535  0.067248229 0.185310911 0.183224556 0.101165616 0.960132359
1504645200.920981 -0.275359372 -1.742934450  0.069795461 0.183785896 0.183883037 0.105821735 0.959797652
1504645201.051090 -0.284709372 -1.724379660  0.049996947 0.184777267 0.185092805 0.116360529 0.958153559
1504645201.077259 -0.288482732 -1.730214558  0.057856328 0.186273874 0.185461877 0.117199048 0.957690096
1504645201.118906 -0.288904691 -1.724196391  0.045813296 0.188020619 0.187320074 0.115831014 0.957153390
1504645201.134800 -0.288209039 -1.716882033  0.044732377 0.187233788 0.187989083 0.117770200 0.956939806
1504645201.197878 -0.292205460 -1.724813374  0.035541662 0.188711119 0.190216377 0.117663731 0.956222301
1504645201.234259 -0.295067693 -1.718703397  0.026314076 0.188191422 0.193261036 0.118578631 0.955600999
1504645201.245716 -0.296335667 -1.720780791  0.025039024 0.187952499 0.195590872 0.117164702 0.955348366
1504645201.309491 -0.309775317 -1.725578947  0.018957784 0.189356981 0.197338033 0.120669518 0.954274857
1504645201.331583 -0.313622994 -1.723966533  0.025280936 0.189310734 0.198676445 0.123723573 0.953615013
1504645201.342501 -0.323147098 -1.722262423  0.024821664 0.188085204 0.198916365 0.124098946 0.953758716
1504645201.363031 -0.323121741 -1.739802372  0.026337304 0.188414961 0.198689837 0.126768535 0.953389684
1504645201.405974 -0.327191037 -1.732927861  0.008132651 0.186674480 0.200891172 0.129208102 0.952943147
1504645201.416341 -0.326990530 -1.742774090  0.016240061 0.188928552 0.201932118 0.128976630 0.952310060
1504645201.432828 -0.332204258 -1.735659246  0.003056289 0.188441180 0.203220508 0.126746942 0.952431918
1504645201.463530 -0.329476841 -1.736895880  0.002723128 0.190224833 0.203004818 0.130071062 0.951674879
1504645201.544634 -0.329128834 -1.733591661 -0.016435787 0.191904505 0.205972328 0.134838716 0.950035042
1504645201.592920 -0.317240611 -1.735664523 -0.014271928 0.192930906 0.208193275 0.135152031 0.949298243
1504645201.604558 -0.313978963 -1.729289343 -0.020602561 0.192886083 0.209415282 0.135430618 0.948998813
1504645201.625351 -0.317885109 -1.731121284 -0.025481923 0.195226907 0.211592130 0.134485739 0.948171299
1504645201.653076 -0.319832830 -1.726320240 -0.026032638 0.194926191 0.215207889 0.132711909 0.947669190
1504645201.668241 -0.315274271 -1.724995931 -0.015295485 0.194736114 0.215814628 0.135304240 0.947203597
1504645201.678377 -0.314817045 -1.722864509 -0.018646121 0.193553529 0.216644329 0.135688037 0.947201680
1504645201.691831 -0.320037554 -1.727407429 -0.035393075 0.194149389 0.217728634 0.136594307 0.946700719
1504645201.717682 -0.317830734 -1.734058724 -0.041177464 0.192265225 0.219459669 0.136304418 0.946727333
1504645201.730144 -0.321184583 -1.732814980 -0.040960072 0.193196549 0.220839513 0.135785087 0.946291400
1504645201.785287 -0.307339318 -1.733951328 -0.040927722 0.194591475 0.222602927 0.142161461 0.944654547
1504645201.821119 -0.305846416 -1.731642493 -0.048195742 0.194550278 0.225712546 0.143342213 0.943746282
1504645201.842517 -0.302433368 -1.735664665 -0.046103263 0.194163573 0.227046062 0.143271029 0.943516828
1504645201.873107 -0.295443403 -1.729648332 -0.054685205 0.194758022 0.229704155 0.145070663 0.942475367
1504645201.888550 -0.294940988 -1.729047946 -0.061988455 0.195020139 0.231158143 0.145027810 0.942072180
1504645201.899801 -0.291215012 -1.738828790 -0.053015026 0.195225684 0.232689668 0.145723312 0.941545096
1504645201.915070 -0.295309346 -1.732379253 -0.062135212 0.195500055 0.233639090 0.145885019 0.941227956
1504645201.926163 -0.294097523 -1.732846476 -0.065242818 0.197043796 0.234501609 0.145141296 0.940806432
1504645201.942730 -0.294926827 -1.730610833 -0.061965437 0.196562013 0.235997351 0.146567690 0.940311936
1504645201.983886 -0.281676332 -1.735584259 -0.062176431 0.197769778 0.239065889 0.146008653 0.939370049
1504645201.999364 -0.293519120 -1.737283135 -0.057483495 0.198436744 0.241402919 0.145335094 0.938735959
1504645202.015367 -0.293912473 -1.740054654 -0.061030883 0.197631996 0.242268065 0.145312597 0.938686331
1504645202.025659 -0.291501421 -1.735572027 -0.066223510 0.198949816 0.243456305 0.146267857 0.937951871
1504645202.036015 -0.295497184 -1.733595007 -0.071793639 0.198963925 0.243695109 0.148821121 0.937485106
1504645202.140500 -0.259607797 -1.733842577 -0.078166679 0.197879382 0.247539794 0.153315262 0.935981961
1504645202.145547 -0.265266945 -1.737546465 -0.086436656 0.196546366 0.247753637 0.152962665 0.936263897
1504645202.160962 -0.262768234 -1.737549693 -0.080261147 0.195794834 0.248544732 0.152924150 0.936217979
1504645202.176318 -0.260982213 -1.738320277 -0.077412774 0.194281224 0.248647153 0.153573136 0.936399857
1504645202.186741 -0.255169106 -1.741430678 -0.073150263 0.195640783 0.248583803 0.156460104 0.935655392
1504645202.203665 -0.249858525 -1.741233819 -0.076662574 0.195960266 0.250098914 0.154926307 0.935439975
1504645202.213943 -0.255575670 -1.735821184 -0.085066508 0.197682921 0.249360052 0.158068940 0.934748756
1504645202.228972 -0.250184687 -1.736640800 -0.082831866 0.197013659 0.250226517 0.156319711 0.934952649
1504645202.245364 -0.253310044 -1.737555913 -0.091732522 0.196907991 0.250835754 0.157205177 0.934663148
1504645202.276230 -0.242280717 -1.739646308 -0.089669498 0.196400752 0.251733266 0.156958714 0.934569992
1504645202.350082 -0.229654519 -1.740100997 -0.086988028 0.197030410 0.252845862 0.161332290 0.933391600
1504645202.360415 -0.230490800 -1.740443493 -0.097264127 0.195221715 0.253717695 0.160504838 0.933677680
1504645202.371913 -0.223463420 -1.740983895 -0.090521953 0.194931014 0.253472196 0.160956260 0.933727384
1504645202.382129 -0.231572335 -1.736084086 -0.108448357 0.195950016 0.254914715 0.162161844 0.932912437
1504645202.392205 -0.225633990 -1.740042259 -0.096409376 0.195362300 0.255017805 0.162866944 0.932884692
1504645202.442758 -0.225444852 -1.739050860 -0.103174341 0.194871857 0.255469729 0.162566638 0.932916001
1504645202.468353 -0.213216565 -1.744182585 -0.104029795 0.195646294 0.256206442 0.162003686 0.932649769
1504645202.478440 -0.207104550 -1.743546720 -0.107717212 0.195546847 0.257137279 0.162821138 0.932272024
1504645202.504415 -0.197600270 -1.737471278 -0.108827071 0.194652811 0.258559414 0.161575581 0.932282492
1504645202.515955 -0.195307389 -1.738856989 -0.116167785 0.196299942 0.258619522 0.163500371 0.931584620
1504645202.537766 -0.193257893 -1.743293481 -0.111066314 0.195814002 0.259038908 0.161642090 0.931894605
1504645202.573171 -0.189567671 -1.747280622 -0.112402193 0.195183846 0.262005052 0.160676221 0.931364467
1504645202.589777 -0.182182799 -1.748807790 -0.116735688 0.194849298 0.263396125 0.160217739 0.931121103
1504645202.615784 -0.175853396 -1.750640752 -0.110048306 0.196272240 0.263803496 0.160020823 0.930740705
1504645202.672175 -0.168366536 -1.746970703 -0.118000944 0.198145173 0.265620374 0.159487843 0.929918241
1504645202.683239 -0.163154501 -1.749228019 -0.113213200 0.197914814 0.265180628 0.160297504 0.929953586
1504645202.698819 -0.157301031 -1.742072700 -0.110307279 0.199579597 0.266754225 0.158828911 0.929399562
1504645202.710218 -0.151418688 -1.746438646 -0.105715791 0.200226573 0.265964152 0.160794192 0.929148867
1504645202.736019 -0.152531586 -1.742775526 -0.113568969 0.200577500 0.266262101 0.160841255 0.928979683
1504645202.746324 -0.150703144 -1.743617493 -0.116622799 0.201327037 0.266127190 0.159304255 0.929121035
1504645202.854951 -0.126639537 -1.743248108 -0.115683158 0.203462709 0.268750043 0.160319491 0.927725175
1504645202.892185 -0.122918746 -1.741727225 -0.120050540 0.204384742 0.269310403 0.158804132 0.927620629
1504645202.929490 -0.114450977 -1.731938050 -0.120832503 0.205711649 0.268936416 0.158685619 0.927456088
1504645202.946953 -0.111822348 -1.729847269 -0.119133406 0.208429585 0.268441150 0.161363023 0.926530319
1504645202.979655 -0.096252397 -1.734790403 -0.110624825 0.209428527 0.269171670 0.158758121 0.926543125
1504645202.995029 -0.093551531 -1.725031831 -0.118587606 0.211177836 0.270111683 0.159175546 0.925800597
1504645203.057420 -0.075084403 -1.726073391 -0.112417159 0.211875477 0.270419228 0.159189895 0.925548919
1504645203.073712 -0.075059550 -1.717851120 -0.125655653 0.213200716 0.270472984 0.157772777 0.925471539
1504645203.142177 -0.062636837 -1.699037838 -0.125721148 0.213321376 0.272407777 0.156053956 0.925167637
1504645203.207839 -0.051634684 -1.699538985 -0.123064164 0.214802169 0.272615456 0.156265586 0.924728018
1504645203.234687 -0.041760016 -1.694604632 -0.128085783 0.214454668 0.274152797 0.153144246 0.924876359
1504645203.275056 -0.031116574 -1.693930609 -0.135009988 0.214911001 0.275377115 0.152391849 0.924530924
1504645203.300447 -0.030381247 -1.680075931 -0.142173093 0.213932232 0.275172590 0.152144537 0.924859495
1504645203.310715 -0.019719459 -1.680404508 -0.143826727 0.215189052 0.275316904 0.152464336 0.924472228
1504645203.364300 -0.010289128 -1.671993061 -0.140621177 0.215763546 0.276774866 0.151385421 0.924080202
1504645203.374510 -0.005095819 -1.670605074 -0.141981995 0.216047642 0.275842865 0.152964942 0.924032390
1504645203.389892 -0.002395786 -1.664171886 -0.142121472 0.215610899 0.275595765 0.152573623 0.924272797
1504645203.405265 -0.001551837 -1.655300117 -0.155089754 0.216031260 0.276929578 0.153163755 0.923678173
1504645203.420419  0.001979004 -1.656632468 -0.148447523 0.216889968 0.276269483 0.153862958 0.923558392
1504645203.430850  0.003556405 -1.644087569 -0.155674922 0.216261396 0.277489142 0.153011798 0.923481551
1504645203.441047  0.003852491 -1.646344910 -0.156650140 0.217480598 0.277200499 0.150761134 0.923652074
1504645203.524387  0.009730054 -1.629818622 -0.168359140 0.215644446 0.277559308 0.155189858 0.923241253
1504645203.558727  0.014603798 -1.626348251 -0.171924400 0.213809398 0.278486245 0.154129361 0.923566507
1504645203.569109  0.021290107 -1.624115648 -0.175380254 0.213642399 0.277501658 0.155300639 0.923705292
1504645203.589685  0.026899985 -1.621522026 -0.173648478 0.213173594 0.277941642 0.155645536 0.923623262
1504645203.600655  0.023998818 -1.614600144 -0.182627545 0.213488461 0.277006981 0.159275708 0.923212358
1504645203.610944  0.034487639 -1.619739096 -0.173427662 0.212848164 0.276491074 0.158773872 0.923601214
1504645203.622446  0.032687266 -1.614942904 -0.182091514 0.211993721 0.276261903 0.159339001 0.923768968
1504645203.633544  0.038205538 -1.609611167 -0.176884444 0.212486849 0.276387317 0.157864492 0.923871307
1504645203.640712  0.040056488 -1.604767690 -0.181004772 0.212084096 0.276783982 0.158864154 0.923673722
1504645203.689315  0.040174027 -1.592015472 -0.193485186 0.209835485 0.276863901 0.159535952 0.924047472
1504645203.730166  0.042016679 -1.587889761 -0.194472274 0.210236293 0.276762648 0.161794583 0.923593877
1504645203.762015  0.051852832 -1.576405669 -0.197324832 0.208456119 0.278261639 0.160777040 0.923724661
1504645203.806093  0.046569165 -1.566605127 -0.209517117 0.208872518 0.278349209 0.163495638 0.923126842
1504645203.839797  0.053318648 -1.556186873 -0.214003951 0.206711587 0.279823409 0.163392273 0.923185867
1504645203.922359  0.060372344 -1.532309718 -0.221991100 0.203676957 0.282700566 0.165743493 0.922564459
1504645203.939319  0.067458187 -1.529585445 -0.226917963 0.204341630 0.281874972 0.164890465 0.922822915
1504645203.965252  0.061208037 -1.525971396 -0.231914711 0.204311905 0.281122698 0.165548103 0.922941222
1504645204.014897  0.063245718 -1.510602005 -0.238783481 0.202445783 0.282206675 0.167841926 0.922607276
1504645204.035346  0.077246157 -1.507037258 -0.236495460 0.203355655 0.282560056 0.168409510 0.922195494
1504645204.061082  0.074138920 -1.499072336 -0.252403368 0.202641963 0.283751278 0.167764381 0.922104419
1504645204.096111  0.078930618 -1.487392640 -0.252266533 0.201713395 0.284815578 0.168505357 0.921844747
1504645204.125572  0.082287911 -1.477949952 -0.253302796 0.201340157 0.286025795 0.169846091 0.921305428
1504645204.161849  0.082875446 -1.466079660 -0.268183307 0.199668788 0.286822245 0.168171835 0.921728598
1504645204.228660  0.093520995 -1.456832307 -0.280594530 0.198007660 0.288644128 0.170034123 0.921176384
1504645204.259451  0.094306714 -1.444353500 -0.282264838 0.196294690 0.290243379 0.171506699 0.920767412
1504645204.269887  0.101013288 -1.442701964 -0.280847948 0.196363476 0.291002199 0.170658911 0.920670756
1504645204.281706  0.100354562 -1.435768229 -0.286180013 0.195315901 0.290454503 0.170295705 0.921133678
1504645204.396961  0.104290838 -1.412523047 -0.315264282 0.194260622 0.294862402 0.170618948 0.919895727
1504645204.415148  0.111901899 -1.403787331 -0.314767514 0.193084968 0.295229113 0.169959559 0.920147659
1504645204.473985  0.123534437 -1.390081725 -0.329153712 0.193285498 0.297961910 0.170684349 0.919089914
1504645204.484348  0.132244922 -1.371727095 -0.333392904 0.197450860 0.296356127 0.170275744 0.918799420
1504645204.494658  0.142063811 -1.368828093 -0.328392869 0.197152762 0.296514896 0.167976329 0.919235366
1504645204.654601  0.151242991 -1.328481787 -0.374816854 0.193408739 0.305533937 0.165476429 0.917529087
1504645204.746759  0.162941795 -1.304112011 -0.404834957 0.191630332 0.308323290 0.164080058 0.917219875
1504645204.772300  0.164464411 -1.294850003 -0.410108007 0.191975123 0.306852779 0.166631795 0.917180881
1504645204.805101  0.170473205 -1.282519002 -0.415405933 0.191327302 0.305708219 0.165034618 0.917986886
1504645204.825463  0.177302057 -1.279942713 -0.421407525 0.192658809 0.305506268 0.167189817 0.917385453
1504645204.887033  0.173642302 -1.260591301 -0.434591890 0.190246174 0.306039499 0.168297943 0.917508594
1504645204.934670  0.178829681 -1.252378163 -0.443348391 0.189069633 0.305490617 0.168327633 0.917929172
1504645204.950176  0.172870600 -1.247623629 -0.448374806 0.188287244 0.305505301 0.167317650 0.918269693
1504645204.960232  0.173600605 -1.247644069 -0.457542514 0.188486632 0.304766119 0.170113034 0.917960761
1504645204.970682  0.184657759 -1.247963883 -0.446130324 0.188726065 0.305290432 0.169038877 0.917935773
1504645205.034595  0.178485957 -1.230865925 -0.454317514 0.186670874 0.304841121 0.169055416 0.918502119
1504645205.051630  0.163818136 -1.226919788 -0.467566762 0.187628421 0.301967730 0.172244059 0.918663731
1504645205.084899  0.168157322 -1.219044816 -0.490337927 0.186274835 0.301984533 0.170353313 0.919286015
1504645205.095531  0.185479677 -1.227349068 -0.481165425 0.187506480 0.301410634 0.171400014 0.919029371
1504645205.111084  0.181106307 -1.227568450 -0.483806304 0.187110917 0.299779429 0.172192282 0.919495305
1504645205.128434  0.190017465 -1.220199915 -0.489457064 0.184582737 0.299019948 0.168828202 0.920876388
1504645205.143733  0.174685472 -1.208993082 -0.516689929 0.184365501 0.297796519 0.170433086 0.921020715
1504645205.154717  0.183514572 -1.210359304 -0.518816992 0.185957015 0.297437970 0.171071119 0.920698275
1504645205.175246  0.175623511 -1.200652483 -0.530485210 0.184138829 0.295132569 0.170067767 0.921990571
1504645205.281052  0.178980994 -1.182530101 -0.566204114 0.179789625 0.293399143 0.164186820 0.924464884
1504645205.323334  0.199129244 -1.178309398 -0.585588271 0.179248236 0.289270380 0.170201769 0.924783258
1504645205.339070  0.198063073 -1.174840586 -0.594275783 0.178294657 0.288205270 0.166493747 0.925974390
1504645205.355076  0.200269561 -1.175749863 -0.596375605 0.178236876 0.285385682 0.166267084 0.926899070
1504645205.370581  0.194048229 -1.174891183 -0.604543029 0.178257407 0.283163840 0.165877999 0.927645959
1504645205.391628  0.201973548 -1.163361919 -0.613502690 0.177896322 0.282136763 0.164287864 0.928310963
1504645205.435592  0.213424227 -1.148232258 -0.615216573 0.180024662 0.279456743 0.162457895 0.929033090
1504645205.467103  0.210937556 -1.141622087 -0.622515112 0.179483247 0.277450624 0.158937884 0.930347067
1504645205.485270  0.210816767 -1.128142830 -0.630607961 0.180241302 0.275484389 0.157765563 0.930984131
1504645205.501125  0.214268209 -1.129867060 -0.632752257 0.180758201 0.272894635 0.155202312 0.932076839
1504645205.537703  0.212451149 -1.120380594 -0.668929298 0.181605650 0.269316316 0.151761095 0.933518441
1504645205.563245  0.220864444 -1.114122125 -0.667118791 0.181658193 0.265119359 0.150957323 0.934838977
1504645205.573523  0.235305479 -1.112135461 -0.682099110 0.183323022 0.262018851 0.152689848 0.935106733
1504645205.588794  0.234008855 -1.099615812 -0.697919111 0.182784228 0.260913303 0.152010438 0.935631873
1504645205.599217  0.234910593 -1.101442598 -0.693426534 0.183667897 0.260271988 0.148989056 0.936123313
1504645205.609515  0.240029747 -1.100213610 -0.681805283 0.182015085 0.260288437 0.148868032 0.936460756
1504645205.658288  0.236620023 -1.094910405 -0.683590465 0.182882354 0.260565396 0.143062477 0.937119441
1504645205.688751  0.255136338 -1.089825657 -0.685823979 0.185511493 0.256995981 0.140238708 0.938014742
1504645205.703951  0.253938184 -1.085764192 -0.692689414 0.187693640 0.254506256 0.145288735 0.937490718
1504645205.720012  0.248518208 -1.082647867 -0.700318405 0.188573119 0.254312268 0.140222522 0.938138099
1504645205.730049  0.260258045 -1.088898738 -0.680289750 0.187546309 0.252806732 0.139696425 0.938829083
1504645205.761119  0.263677061 -1.089043169 -0.703039782 0.184296797 0.251161401 0.136648772 0.940361502
1504645205.834830  0.260987150 -1.081104021 -0.762743838 0.183310660 0.254180686 0.126150751 0.941209525
1504645205.873841  0.249348083 -1.075879449 -0.783809581 0.183177026 0.251035191 0.126132945 0.942081732
1504645205.905180  0.289181843 -1.072593746 -0.787403412 0.182975318 0.251602231 0.128678761 0.941625258
1504645205.941853  0.284314769 -1.067478519 -0.804089040 0.179724535 0.249485590 0.121578615 0.943755621
1504645205.956859  0.296009406 -1.070562232 -0.811299119 0.180603059 0.249046153 0.121106459 0.943764682
1504645206.034893  0.304438365 -1.058059779 -0.827700646 0.181933372 0.247638313 0.119946879 0.944027680
1504645206.050310  0.318380653 -1.056948538 -0.842421788 0.181293001 0.246511919 0.118979387 0.944567958
1504645206.091337  0.325588880 -1.057766968 -0.857878436 0.181179098 0.247159483 0.117797373 0.944568739
1504645206.114741  0.323905158 -1.058726725 -0.853660563 0.180603630 0.245561001 0.119465740 0.944886269
1504645206.197847  0.324197091 -1.035631024 -0.882716679 0.176918236 0.247746008 0.116974922 0.945324664
1504645206.209435  0.325315002 -1.037820498 -0.891697837 0.177711256 0.248377409 0.116067056 0.945122114
1504645206.220704  0.329588423 -1.041827968 -0.896907360 0.178222760 0.247071355 0.116314143 0.945337725
1504645206.236271  0.335903608 -1.037459965 -0.900167515 0.177955909 0.247835576 0.113794799 0.945494561
1504645206.247737  0.336523945 -1.029617279 -0.895683055 0.178592112 0.246488694 0.116749106 0.945366504
1504645206.258832  0.330188257 -1.027090170 -0.905424440 0.180420547 0.246548769 0.116648978 0.945015950
1504645206.275451  0.333281961 -1.020839343 -0.915140380 0.178888509 0.246737391 0.117513018 0.945150915
1504645206.312434  0.334947325 -1.021308441 -0.915186458 0.179535843 0.246340678 0.115112099 0.945427076
1504645206.322822  0.339134756 -1.022051686 -0.920315129 0.176950945 0.244752385 0.117481817 0.946035230
1504645206.336748  0.349493210 -1.024059119 -0.926352874 0.175620233 0.245567197 0.113092870 0.946606723
1504645206.401502  0.345823086 -1.013745889 -0.946505261 0.175783624 0.247237306 0.114342593 0.945991334
1504645206.460347  0.346793889 -1.016400119 -0.955372790 0.174625551 0.244826754 0.115552858 0.946685436
1504645206.470516  0.360166910 -1.017652350 -0.951757717 0.174224588 0.244316056 0.114124738 0.947064413
1504645206.487198  0.366819631 -1.017066226 -0.947296418 0.173014153 0.244085833 0.113412832 0.947431126
1504645206.512744  0.355228644 -1.013196645 -0.975510298 0.174156560 0.243212638 0.109984233 0.947850502
1504645206.539487  0.379011093 -1.002827459 -0.966207049 0.178112419 0.242346980 0.115180241 0.946719293
1504645206.550141  0.377739337 -0.996163752 -0.970674899 0.176937102 0.241742257 0.113594056 0.947285772
1504645206.577343  0.370229443 -1.002192961 -0.984455261 0.176823529 0.239767917 0.111944811 0.948004823
1504645206.619570  0.379132540 -0.988679639 -1.003321927 0.176387988 0.242672920 0.106991562 0.947918740
1504645206.652239  0.384293580 -0.990029793 -0.986345315 0.176530918 0.239436516 0.110810968 0.948276289
1504645206.687752  0.396937827 -0.985913198 -1.005791046 0.172997569 0.242071330 0.107503962 0.948639136
1504645206.711912  0.395957788 -0.984809921 -1.008362543 0.172913554 0.240751357 0.106780272 0.949072000
1504645206.722545  0.401233490 -0.982590241 -1.012124629 0.174143308 0.240694852 0.106325690 0.948912506
1504645206.757608  0.411255584 -0.978711434 -1.019172686 0.174181496 0.240860377 0.105164462 0.948992899
1504645206.768080  0.408720348 -0.975817438 -1.018353242 0.174382150 0.239551347 0.106071154 0.949186456
1504645206.815265  0.411358739 -0.985460599 -1.029869824 0.175493196 0.239431122 0.103475503 0.949298528
1504645206.837039  0.406447902 -0.980803743 -1.032891644 0.174649213 0.239705853 0.107668818 0.948918427
1504645206.848568  0.418760845 -0.981799813 -1.036129122 0.174498437 0.241423060 0.101643062 0.949175374
1504645206.901375  0.417976984 -0.969982383 -1.037833905 0.172075008 0.240753566 0.099354409 0.950029796
1504645207.060336  0.430303082 -0.939345026 -1.045356741 0.169755843 0.237685301 0.093663139 0.951796127
1504645207.070648  0.450002519 -0.929101685 -1.042409399 0.170854177 0.230234802 0.097161529 0.953079442
1504645207.086622  0.459083039 -0.922511051 -1.060614727 0.172097458 0.228295564 0.099672706 0.953062932
1504645207.114212  0.470831061 -0.900631036 -1.091673246 0.173018163 0.223006523 0.095055060 0.954618951
1504645207.155909  0.512603071 -0.901472569 -1.064298319 0.173198014 0.217114743 0.098386982 0.955606424
1504645207.161020  0.517216733 -0.884321438 -1.093295760 0.172221035 0.214798728 0.101652678 0.955964515
1504645207.202635  0.541348844 -0.885190986 -1.082035189 0.173446268 0.215363341 0.101115234 0.955672922
1504645207.239881  0.523511247 -0.883173866 -1.082634276 0.171961240 0.211049911 0.097372867 0.957290861
1504645207.273614  0.519979704 -0.864101784 -1.088278505 0.172940403 0.209262451 0.095221407 0.957723200
1504645207.289433  0.519441920 -0.854739203 -1.120844406 0.174726857 0.209142287 0.095071842 0.957440011
1504645207.305218  0.525714513 -0.845237177 -1.114248561 0.178235349 0.209197621 0.096062088 0.956682074
1504645207.364033  0.522165546 -0.848381933 -1.108023050 0.176786648 0.205354256 0.087900215 0.958566462
1504645207.394636  0.535438250 -0.831815979 -1.092927468 0.174444393 0.202794852 0.085289470 0.959775551
1504645207.482286  0.527694716 -0.831482058 -1.065152725 0.172932446 0.199266909 0.082314945 0.961046990
1504645207.534573  0.528604725 -0.819755101 -1.073788277 0.172051452 0.198000887 0.077629003 0.961856374
1504645207.602755  0.511378715 -0.819307604 -1.085888563 0.172309394 0.191391469 0.077689183 0.963142341
1504645207.633903  0.529857212 -0.822271799 -1.087185564 0.171071745 0.187216817 0.076019212 0.964316028
1504645207.657083  0.524777538 -0.819838637 -1.085452303 0.172015609 0.184982141 0.074383503 0.964706863
1504645207.672693  0.535020646 -0.818644567 -1.089044342 0.170982686 0.184417955 0.072336864 0.965154038
1504645207.703624  0.531317071 -0.800223383 -1.098792288 0.171832682 0.184309080 0.073359232 0.964946690
1504645207.751268  0.527752189 -0.796136416 -1.104597125 0.170995754 0.181429674 0.068563891 0.965993125
1504645207.798245  0.542595414 -0.803898850 -1.096128159 0.167755622 0.178855123 0.066324097 0.967196986
1504645207.813868  0.545453801 -0.798025173 -1.118267036 0.168939970 0.178601102 0.064382277 0.967168990
1504645207.829924  0.563160839 -0.798711553 -1.104132895 0.168868933 0.178400381 0.064681588 0.967198470
1504645207.851023  0.549080085 -0.789403721 -1.115096099 0.168839952 0.177787977 0.061760906 0.967507156
1504645207.871636  0.554009269 -0.791290277 -1.116126697 0.167391884 0.175830684 0.062768432 0.968051472
1504645207.982325  0.550942151 -0.778185300 -1.123476449 0.166202459 0.181651291 0.050282730 0.967910739
1504645208.032772  0.541868859 -0.770024583 -1.119277159 0.165680417 0.183937153 0.046945317 0.967736152
1504645208.064338  0.544892712 -0.766593080 -1.140817612 0.164617530 0.186448427 0.043360681 0.967604208
1504645208.080529  0.534684401 -0.765490992 -1.155355365 0.164636094 0.185908160 0.044274186 0.967663634
1504645208.123736  0.534544614 -0.747522964 -1.157743375 0.161691973 0.184579898 0.045803950 0.968342897
1504645208.177968  0.553472111 -0.735714962 -1.154512155 0.161061247 0.182247537 0.047739544 0.968796184
1504645208.203853  0.552447718 -0.739946609 -1.131532729 0.162216586 0.177938556 0.044558487 0.969555667
1504645208.219041  0.557164316 -0.735418077 -1.117835425 0.165167020 0.182508743 0.046782989 0.968102147
1504645208.270549  0.549561546 -0.718239464 -1.130335819 0.163063293 0.181010008 0.044659095 0.968840185
1504645208.341475  0.534186481 -0.705568472 -1.153464662 0.163694555 0.180059742 0.049113367 0.968695235
1504645208.414709  0.523914355 -0.677469718 -1.158320900 0.164598498 0.176471402 0.051324704 0.969087691
1504645208.461212  0.512535605 -0.677679719 -1.143997580 0.164964353 0.172396693 0.055596671 0.969523157
1504645208.519133  0.485225453 -0.660866721 -1.156115489 0.167019432 0.169958973 0.055939565 0.969581983
